0 10
0 32
0 52
0 55
0 79
0 91
0 109
0 164
0 192
1 8
1 122
1 126
1 160
1 161
1 173
1 176
1 186
2 6
2 12
2 49
2 73
2 105
2 120
2 127
2 143
2 159
3 36
3 58
3 126
3 130
3 165
3 171
3 196
3 197
4 53
4 63
4 105
4 143
4 169
5 10
5 13
5 17
5 20
5 35
5 65
5 100
5 136
5 151
5 165
5 196
6 13
6 20
6 47
6 71
6 85
6 98
6 176
6 185
7 68
7 76
7 166
7 175
7 183
7 198
8 87
8 117
8 129
8 171
9 67
9 80
9 97
9 110
9 128
9 153
10 21
10 72
10 150
10 154
10 170
11 14
11 21
11 33
11 60
11 61
11 130
11 136
12 33
12 40
12 50
12 54
12 63
12 70
12 81
12 117
12 159
12 172
13 13
13 17
13 47
13 58
13 68
13 69
13 71
13 85
13 100
13 103
13 106
13 125
13 126
13 132
13 165
13 185
13 192
14 15
14 57
14 134
14 136
14 138
14 143
15 15
15 40
15 47
15 53
15 141
15 158
15 168
15 196
16 16
16 29
16 53
16 87
16 89
16 98
16 119
16 121
16 137
16 144
16 145
16 162
16 182
16 183
16 189
16 190
16 195
17 17
17 85
17 154
18 38
18 56
18 85
18 86
18 124
18 154
18 163
19 60
19 130
19 134
19 136
19 146
20 60
20 144
20 172
21 37
21 53
21 62
21 79
21 89
21 98
21 121
21 137
21 140
21 144
21 153
21 156
21 190
21 195
22 46
22 120
22 138
22 143
22 172
22 181
22 191
23 44
23 72
23 76
23 86
23 151
24 26
24 68
24 116
24 139
24 144
24 175
25 28
25 32
25 55
25 77
25 88
25 101
25 109
25 125
25 164
25 166
25 167
25 176
26 45
26 84
26 135
26 154
27 27
27 40
27 77
27 92
27 136
27 137
27 142
28 39
28 68
28 80
28 92
28 108
28 170
28 175
29 72
29 89
29 119
29 151
29 153
29 188
30 32
30 55
30 59
30 66
30 79
30 80
30 90
30 119
30 142
30 182
31 31
31 41
31 79
31 140
31 172
31 192
32 55
32 58
32 81
32 109
32 118
33 56
33 75
33 130
33 191
34 48
34 84
34 122
34 148
34 176
34 199
35 45
35 48
35 118
35 157
35 160
36 66
36 77
36 99
36 101
36 109
36 153
36 162
36 167
36 191
37 81
37 82
37 112
37 150
37 193
38 56
38 70
38 99
38 100
38 108
38 131
38 135
38 163
38 170
38 171
38 178
39 76
39 134
39 136
40 40
40 43
40 66
40 92
40 94
40 104
40 115
40 142
40 147
40 156
40 158
40 168
40 180
40 194
40 196
41 78
41 94
41 115
41 117
41 118
41 122
41 130
41 134
41 157
41 173
41 176
42 145
42 150
42 153
43 78
43 166
44 47
44 80
44 139
45 45
45 56
45 86
45 102
45 154
45 177
45 189
45 190
46 74
46 95
46 120
46 138
46 172
46 193
47 51
47 62
47 96
47 141
47 149
47 184
47 194
48 80
48 112
48 117
48 122
48 143
48 172
48 186
49 143
49 146
49 147
50 96
50 168
50 180
51 96
51 106
51 139
51 142
51 166
51 191
52 85
52 160
52 162
52 165
53 68
53 72
53 88
53 89
53 135
53 148
53 166
53 181
53 182
53 190
54 54
54 140
54 179
54 181
55 59
55 66
55 79
55 80
55 87
55 90
55 91
55 109
55 179
55 184
55 192
56 60
56 81
56 86
56 102
56 104
56 107
56 119
56 135
56 154
56 169
56 170
56 171
56 178
56 187
57 60
57 122
57 136
57 146
57 191
58 103
58 105
59 69
59 77
59 195
60 146
60 193
61 67
61 80
61 139
61 188
62 75
62 140
62 191
62 193
63 63
63 97
63 134
63 143
63 177
63 183
64 73
64 83
64 105
64 159
64 198
65 85
65 100
65 173
66 67
66 100
66 124
67 68
67 128
67 175
67 190
67 191
68 68
68 80
68 81
68 83
68 116
68 120
68 128
68 175
68 185
69 140
69 143
69 165
69 187
69 196
70 86
70 170
70 188
71 197
72 82
72 84
72 95
72 111
72 112
72 130
72 149
72 151
72 161
72 169
72 188
73 143
73 172
73 173
74 118
74 153
74 159
74 162
75 120
75 134
75 135
76 80
76 175
77 106
77 109
77 116
77 125
77 167
77 185
78 122
78 133
78 173
79 107
79 164
80 106
80 110
80 167
81 112
81 153
81 169
81 184
82 117
82 169
82 188
82 193
83 143
83 175
84 112
84 113
84 188
85 110
85 165
85 186
85 197
86 100
86 117
86 154
86 166
87 104
87 122
87 129
87 145
87 173
88 153
89 113
89 124
89 140
89 162
89 182
89 195
90 142
90 159
91 104
92 149
92 168
93 109
93 146
93 189
93 192
93 196
94 125
94 172
95 105
95 140
96 113
96 127
96 149
96 165
96 166
96 189
97 140
97 162
98 137
98 140
98 153
98 171
98 181
99 157
99 173
101 162
101 192
102 116
102 136
102 171
102 189
103 178
104 122
104 156
104 170
105 109
105 114
105 120
105 138
105 143
105 159
105 160
105 172
106 106
106 159
106 175
107 126
107 192
108 130
108 131
108 135
108 154
108 171
108 185
108 189
109 110
109 168
111 129
111 132
111 151
111 182
112 122
112 153
112 188
113 119
114 137
114 140
114 162
114 190
115 115
115 142
115 149
116 118
116 128
116 133
116 139
117 118
117 129
117 133
117 157
117 173
117 176
118 148
118 151
118 152
118 160
118 173
118 186
119 151
121 140
122 122
122 132
122 155
122 160
122 173
122 192
123 144
123 149
123 162
123 171
123 177
124 163
124 165
126 134
126 165
126 197
127 149
127 163
127 166
128 133
128 139
128 157
128 162
128 190
129 157
129 160
130 130
130 145
130 146
130 156
130 173
130 191
130 193
131 154
131 170
131 180
131 189
131 196
132 148
134 134
134 145
134 146
134 147
134 152
134 155
134 177
134 190
134 191
134 193
135 163
135 170
135 176
135 187
135 189
136 155
136 174
136 191
137 140
137 162
137 176
138 150
138 177
138 195
139 177
139 184
139 188
140 156
140 162
140 179
140 181
140 182
140 187
140 190
141 158
141 163
141 166
141 171
142 149
142 166
143 159
143 168
143 170
143 172
143 177
143 197
143 198
144 156
144 158
144 190
146 179
147 174
147 191
147 193
148 172
149 166
149 194
150 151
150 161
151 172
152 164
152 173
152 174
153 161
153 182
154 178
154 199
155 174
156 179
157 177
158 164
159 159
159 177
159 180
159 183
159 199
160 173
162 162
163 171
164 167
165 186
165 196
166 166
166 168
166 174
166 178
166 180
167 187
168 185
170 170
171 176
171 178
171 189
172 172
172 183
172 198
172 199
173 175
174 189
174 191
175 175
179 181
181 182
181 199
189 189
191 193
192 192
194 195
197 197