0 32
0 55
0 101
0 109
0 164
0 167
0 191
0 194
1 8
1 34
1 35
1 41
1 62
1 99
1 118
1 122
1 173
2 2
2 4
2 12
2 21
2 22
2 63
2 64
2 105
2 143
2 159
2 172
3 5
3 13
3 16
3 47
3 71
3 85
3 185
3 196
3 197
4 63
4 64
4 95
4 198
5 5
5 13
5 16
5 17
5 100
5 103
5 197
6 13
6 26
6 58
6 69
6 71
6 108
6 126
6 165
6 185
7 24
7 27
7 68
7 80
7 110
7 128
7 139
8 34
8 99
8 118
8 122
9 44
9 61
9 67
9 68
9 83
9 176
9 184
10 29
10 81
10 82
10 88
10 111
10 150
11 14
11 62
11 75
11 130
11 134
11 135
11 136
11 191
12 46
12 49
12 69
12 105
12 120
12 143
12 172
12 198
12 199
13 17
13 20
13 48
13 52
13 57
13 58
13 65
13 69
13 71
13 85
13 100
13 103
13 106
13 126
13 165
13 185
13 196
13 197
14 33
14 134
14 155
14 166
14 174
15 27
15 40
15 92
15 96
15 121
15 127
15 142
15 146
15 194
16 16
16 53
16 89
16 95
16 98
16 121
16 137
16 144
16 156
16 179
16 190
16 195
17 65
17 69
17 73
17 117
17 185
17 197
18 45
18 56
18 109
18 135
18 154
18 170
18 171
18 178
18 187
19 62
19 130
19 134
19 136
19 152
20 20
20 58
20 85
20 126
20 197
21 29
21 54
21 98
21 121
21 123
21 137
21 140
21 142
21 144
21 156
21 179
21 182
21 190
21 195
22 105
22 138
22 143
22 162
22 172
23 44
23 56
23 80
23 83
23 139
24 61
24 68
24 80
24 83
25 31
25 55
25 59
25 66
25 79
25 101
25 109
25 125
25 192
25 198
26 56
26 135
26 154
26 170
26 171
26 189
27 43
27 51
27 94
27 96
27 115
27 149
27 166
27 180
28 68
28 83
28 106
28 116
28 139
28 175
28 184
28 188
29 29
29 37
29 42
29 51
29 169
30 31
30 32
30 55
30 66
30 77
30 79
30 90
30 140
30 177
30 192
31 55
31 72
31 77
31 84
31 109
31 153
31 158
31 167
32 36
32 41
32 55
32 101
32 109
32 143
32 167
33 39
33 75
33 130
33 191
34 122
34 173
34 176
34 186
35 41
35 132
35 148
36 45
36 59
36 66
36 79
36 139
36 150
36 192
37 72
37 74
37 151
37 153
37 169
37 188
37 191
38 38
38 45
38 70
38 86
38 135
38 154
38 176
38 182
38 187
38 189
39 134
39 136
39 174
40 40
40 43
40 47
40 51
40 81
40 96
40 115
40 127
40 141
40 142
40 149
40 158
40 166
40 168
40 171
40 180
40 194
41 41
41 117
41 129
41 160
41 173
41 186
42 72
42 82
42 153
43 51
43 149
43 166
44 67
44 68
44 80
44 139
45 53
45 70
45 131
45 135
45 154
45 163
45 189
46 105
46 138
46 143
46 167
46 172
46 183
47 96
47 115
47 134
47 136
47 142
47 149
47 158
48 87
48 122
48 132
48 157
48 173
48 192
49 143
49 198
50 50
50 94
50 127
50 166
51 94
51 166
51 185
52 126
52 165
52 190
52 196
53 56
53 140
53 162
53 181
53 190
54 95
54 140
54 151
54 162
54 182
55 55
55 66
55 79
55 82
55 90
55 91
55 107
55 109
55 192
56 56
56 102
56 104
56 108
56 131
56 135
56 154
56 163
56 170
56 171
56 178
56 187
56 189
57 60
57 62
57 134
57 136
57 146
57 147
57 152
57 191
58 85
58 172
59 77
59 91
60 75
60 90
60 146
60 155
60 174
60 193
61 67
61 80
61 106
61 175
62 191
62 193
63 63
63 95
63 143
63 159
63 177
63 198
64 73
64 159
64 183
64 199
65 69
65 172
66 109
66 143
67 80
67 83
67 116
67 163
67 184
68 71
68 76
68 80
68 83
68 95
68 106
68 110
68 116
68 128
68 133
68 175
68 184
69 140
69 165
70 154
70 170
71 85
72 74
72 84
72 88
72 111
72 113
72 119
72 148
72 150
72 153
72 161
72 169
72 188
73 105
73 143
73 159
74 84
74 112
75 138
75 191
75 193
76 106
76 133
76 166
76 168
77 90
77 93
77 101
77 104
77 167
78 118
78 122
78 129
78 132
78 160
78 173
79 109
80 106
80 139
80 149
80 175
80 184
81 84
81 112
81 113
81 116
81 150
81 153
81 159
81 161
81 193
82 188
83 92
83 165
84 119
84 153
84 188
85 107
85 118
85 137
85 165
85 196
86 102
86 135
86 151
86 154
86 171
86 178
86 187
87 117
87 118
87 120
87 129
87 160
87 173
87 186
88 161
89 89
89 97
89 131
89 140
89 144
89 162
89 177
89 181
89 182
90 188
91 192
92 149
92 166
92 168
93 109
93 192
94 115
95 172
95 183
96 166
97 114
97 140
97 156
98 122
98 140
98 162
98 171
98 190
99 122
100 103
100 196
102 108
102 135
102 136
102 163
102 170
102 189
104 135
104 171
104 189
105 120
105 138
105 143
105 172
105 175
105 177
105 199
106 106
107 154
107 165
107 186
108 124
108 154
108 163
108 171
108 178
108 189
110 184
111 113
111 119
111 153
112 151
112 173
113 188
114 140
114 156
114 195
115 149
115 151
116 116
116 133
116 184
117 118
117 122
117 129
117 132
117 148
117 157
117 173
117 176
118 122
118 132
118 157
118 176
120 122
120 159
121 140
121 162
122 123
122 129
122 157
122 160
122 173
122 176
122 186
123 140
123 162
124 170
124 178
125 164
125 192
127 166
128 156
128 175
129 157
130 130
130 136
130 145
130 147
130 160
130 191
130 193
131 131
131 154
131 170
132 148
132 173
133 139
134 134
134 136
134 145
134 146
134 147
134 152
134 155
134 166
134 190
134 191
134 193
135 170
135 187
135 189
135 195
136 146
136 149
136 155
136 174
136 191
137 140
137 144
137 181
137 190
138 143
138 159
138 170
138 172
139 175
140 144
140 156
140 162
140 175
140 179
140 181
140 182
140 187
140 190
141 149
141 158
141 166
141 168
142 142
142 149
142 166
143 143
143 159
143 172
143 177
143 183
143 190
144 182
145 147
145 193
147 191
148 148
148 186
149 158
149 166
149 194
150 161
150 169
151 153
151 161
151 188
152 189
153 181
153 188
154 170
154 171
154 178
154 189
156 162
157 160
157 176
158 180
159 159
159 172
159 177
159 183
159 185
159 199
160 173
160 176
162 162
162 179
162 182
163 170
163 171
163 174
164 164
164 167
164 187
164 197
165 165
165 196
165 197
166 166
166 168
166 194
170 189
171 171
172 172
172 177
172 198
172 199
173 173
176 186
178 189
181 181
182 195
190 195
191 191
196 196
197 199