0 25
0 30
0 55
0 79
0 90
0 91
0 139
0 192
0 195
1 34
1 48
1 57
1 109
1 110
1 117
1 118
1 122
1 153
1 173
2 26
2 32
2 64
2 73
2 95
2 105
2 138
2 143
2 159
2 166
2 172
3 16
3 20
3 56
3 88
3 103
3 165
3 195
3 196
4 4
4 28
4 95
4 145
4 172
5 13
5 17
5 21
5 43
5 51
5 58
5 100
5 126
5 136
5 173
5 185
6 10
6 13
6 17
6 41
6 65
6 66
6 100
6 107
6 196
7 7
7 68
7 105
7 175
8 41
8 72
8 117
8 122
8 157
8 179
9 68
9 76
9 105
9 106
9 109
9 116
9 135
10 72
10 149
10 164
11 14
11 33
11 60
11 61
11 130
11 136
12 30
12 33
12 46
12 49
12 63
12 105
12 120
12 143
12 159
12 172
12 191
13 13
13 17
13 20
13 22
13 26
13 58
13 69
13 71
13 85
13 100
13 103
13 111
13 126
13 160
13 165
13 185
13 197
14 15
14 57
14 60
14 70
14 134
14 136
15 15
15 47
15 50
15 54
15 89
15 149
15 166
15 171
16 16
16 53
16 80
16 89
16 95
16 98
16 107
16 118
16 121
16 137
16 144
16 181
16 188
16 190
16 195
17 76
17 185
18 45
18 101
18 121
18 135
18 170
18 171
19 130
19 134
19 136
19 146
20 40
20 78
20 144
21 29
21 42
21 53
21 86
21 89
21 98
21 121
21 123
21 140
21 142
21 144
21 156
21 179
21 182
21 190
21 195
22 46
22 63
22 143
22 179
22 191
23 117
23 139
23 153
23 171
24 56
24 80
24 128
24 150
25 25
25 32
25 42
25 47
25 52
25 55
25 77
25 142
25 164
26 35
26 48
26 102
26 138
26 170
26 189
27 40
27 92
27 93
27 121
27 127
27 136
27 142
27 166
27 194
28 30
28 39
28 67
28 68
28 80
28 106
28 116
29 72
29 123
29 138
29 153
29 161
29 188
30 32
30 55
30 88
30 101
30 125
30 167
31 34
31 36
31 55
31 59
31 79
31 97
31 176
31 198
32 32
32 55
32 66
32 131
33 62
33 72
33 75
33 130
33 191
34 109
34 173
35 65
35 117
35 132
35 175
36 67
36 77
36 79
36 101
36 120
36 141
36 191
37 42
37 53
37 112
37 153
37 161
37 192
38 38
38 56
38 86
38 108
38 120
38 122
38 131
38 135
38 154
38 156
39 80
39 134
39 136
40 40
40 43
40 47
40 57
40 68
40 80
40 92
40 94
40 96
40 141
40 142
40 143
40 149
40 166
40 173
40 180
40 194
40 196
41 87
41 111
41 117
41 130
41 132
41 134
41 148
41 160
41 186
43 47
43 156
43 166
44 68
44 69
44 116
44 139
44 175
44 184
45 56
45 70
45 86
45 108
45 131
45 135
45 137
45 162
45 178
45 187
45 189
46 69
46 73
46 198
46 199
47 62
47 114
47 115
47 143
47 180
47 184
47 185
48 77
48 116
48 118
48 122
48 159
48 177
49 138
49 143
49 146
49 147
49 159
49 172
50 96
50 141
50 173
50 184
51 52
51 61
51 96
51 141
51 142
51 168
51 180
52 68
52 85
52 196
53 89
53 144
53 162
53 190
53 197
54 54
54 140
54 143
54 162
55 59
55 66
55 79
55 101
55 109
55 118
55 123
55 150
55 164
55 167
56 60
56 76
56 91
56 98
56 102
56 104
56 108
56 123
56 131
56 135
56 154
56 163
56 170
56 178
56 189
57 60
57 122
57 133
57 136
57 146
57 191
58 68
58 85
58 112
58 161
58 197
59 127
59 154
60 107
60 146
60 193
61 68
61 116
61 175
62 75
62 117
62 140
62 191
62 193
63 74
63 95
63 105
63 138
63 143
63 159
63 193
64 172
64 175
64 177
65 117
65 192
66 82
66 122
66 192
67 72
67 80
67 83
67 173
67 181
67 191
68 80
68 115
68 128
68 133
68 160
68 175
68 184
68 189
68 194
69 69
69 140
69 159
69 196
69 197
70 72
70 154
71 85
71 131
71 196
72 72
72 81
72 82
72 112
72 113
72 150
72 153
72 169
73 77
73 105
73 143
73 159
74 82
74 151
74 172
74 195
75 134
75 135
76 83
76 106
77 79
77 91
77 109
77 125
77 189
78 78
78 118
78 176
79 109
79 151
80 80
80 116
80 175
80 184
81 92
81 105
81 150
81 151
81 188
81 199
82 193
83 105
83 157
83 162
84 86
84 137
84 150
84 151
84 153
84 188
85 126
85 165
85 172
85 191
85 197
86 135
86 171
86 175
86 178
86 187
87 129
87 135
87 139
87 145
87 148
87 163
87 173
88 151
89 140
89 162
89 173
89 181
89 182
89 195
90 93
90 164
90 172
90 198
92 158
92 166
93 169
93 181
94 142
94 176
94 192
95 113
95 140
96 115
96 166
96 196
97 140
97 156
98 124
98 137
98 140
99 99
99 117
99 173
100 165
100 197
101 109
102 119
102 136
102 189
103 165
104 171
104 189
105 143
105 172
105 183
105 198
106 106
106 165
106 172
106 197
107 108
107 122
107 154
107 166
108 130
108 147
108 154
108 178
108 189
109 109
109 192
110 116
110 139
110 184
111 113
111 148
111 151
111 153
113 161
114 137
114 140
114 182
114 190
115 142
115 149
115 166
116 194
117 122
117 158
117 171
117 186
118 118
118 122
118 133
118 176
119 153
119 188
120 143
120 186
121 140
121 162
122 129
122 141
122 148
122 157
122 161
122 173
122 176
122 186
122 189
123 182
124 129
124 135
124 154
124 171
125 163
126 134
126 165
127 145
127 168
128 156
128 190
128 191
129 129
130 130
130 145
130 146
130 191
130 193
131 162
131 170
132 178
134 134
134 145
134 146
134 147
134 152
134 155
134 177
134 190
134 191
134 193
135 170
135 171
135 178
136 155
136 174
136 191
137 140
137 176
138 177
139 157
139 175
140 156
140 162
140 179
140 181
140 187
140 190
141 142
141 166
141 180
142 166
143 143
143 159
143 172
143 177
143 195
143 199
144 156
145 170
147 174
147 191
147 193
148 160
149 149
149 158
149 166
149 168
149 196
150 153
150 166
151 151
151 183
151 188
152 164
152 174
152 196
153 153
154 160
154 170
154 171
154 187
154 189
155 174
156 162
156 190
157 173
157 176
158 167
159 159
159 168
159 172
159 177
159 198
160 173
160 186
162 162
162 164
162 179
162 182
163 170
163 171
163 187
163 189
163 199
164 192
165 192
166 166
166 169
166 174
167 167
168 168
168 171
169 170
170 178
170 189
171 199
172 177
172 180
172 183
172 199
173 176
173 197
174 191
180 182
181 181
182 186
182 195
183 183
187 189
189 195
190 194
191 193
192 192