0 25
0 32
0 36
0 42
0 55
0 60
0 164
0 192
1 8
1 78
1 109
1 118
1 122
1 126
1 153
1 154
1 160
1 161
1 173
2 2
2 4
2 22
2 53
2 68
2 95
2 134
2 143
2 159
2 172
3 36
3 45
3 58
3 126
3 130
3 165
3 196
3 197
4 47
4 130
4 138
4 172
4 184
5 6
5 13
5 17
5 20
5 37
5 65
5 130
5 136
5 151
5 165
5 170
5 175
5 196
6 13
6 20
6 71
6 85
6 98
6 176
6 185
7 46
7 67
7 68
7 76
7 80
7 105
8 48
8 84
8 125
8 129
8 171
9 36
9 80
9 84
9 89
9 128
9 191
10 72
10 74
10 111
10 174
11 14
11 21
11 27
11 60
11 61
11 92
11 130
11 136
12 12
12 33
12 63
12 95
12 141
12 143
12 145
12 172
13 13
13 17
13 47
13 58
13 68
13 69
13 71
13 85
13 100
13 103
13 106
13 125
13 126
13 132
13 165
13 185
13 192
14 15
14 57
14 134
14 136
14 138
15 20
15 40
15 47
15 56
15 142
15 149
15 158
15 166
16 16
16 53
16 87
16 89
16 98
16 119
16 121
16 137
16 144
16 145
16 162
16 182
16 183
16 189
16 190
16 195
17 35
17 85
17 161
18 38
18 108
18 154
18 176
18 187
18 189
19 130
19 134
19 136
20 144
20 172
21 53
21 62
21 70
21 79
21 89
21 101
21 121
21 135
21 137
21 139
21 140
21 144
21 156
21 169
21 190
21 195
22 22
22 63
22 105
22 159
22 191
23 38
23 68
23 136
23 153
23 154
24 45
24 68
24 76
24 109
25 31
25 55
25 66
25 77
25 101
25 117
25 125
25 141
25 172
25 193
26 26
26 56
26 86
26 135
27 40
27 43
27 91
27 92
27 115
27 126
27 141
27 158
28 39
28 42
28 68
28 80
28 106
28 139
28 150
28 160
29 37
29 68
29 69
29 72
29 88
29 89
29 153
29 188
30 32
30 45
30 55
30 59
30 66
30 79
30 93
30 119
30 182
31 31
31 41
31 110
31 120
31 192
31 198
32 55
32 58
32 67
32 101
32 143
33 62
33 75
33 81
33 130
33 191
34 43
34 48
34 109
34 122
34 148
34 172
35 50
35 67
35 157
36 77
36 109
36 136
36 143
36 191
37 93
37 112
37 150
37 192
38 42
38 86
38 104
38 124
38 135
38 154
38 172
38 199
39 134
39 136
40 40
40 43
40 66
40 92
40 94
40 104
40 142
40 147
40 156
40 158
40 168
40 180
40 194
40 196
41 116
41 118
41 129
41 130
41 134
41 137
41 148
41 157
41 173
42 103
43 47
43 166
44 67
44 71
44 80
44 110
44 161
45 56
45 86
45 163
45 178
45 187
45 189
45 190
46 63
46 64
46 105
46 177
46 180
46 183
46 189
47 62
47 96
47 149
47 184
47 194
48 64
48 65
48 78
48 117
48 122
48 131
48 135
49 122
49 143
49 159
49 170
49 172
50 59
50 66
50 106
50 141
50 142
51 81
51 96
51 142
51 166
51 171
51 180
52 58
52 105
52 162
52 165
53 87
53 118
53 143
53 148
53 171
53 181
53 182
53 190
54 140
54 179
54 180
54 181
54 186
55 59
55 66
55 79
55 80
55 82
55 90
55 91
55 92
55 109
55 127
55 179
55 189
55 192
56 56
56 60
56 62
56 63
56 77
56 102
56 104
56 130
56 154
56 160
56 170
56 179
56 187
56 193
56 194
57 60
57 69
57 136
57 146
57 164
57 166
57 191
58 80
59 77
59 87
59 135
59 197
60 107
60 146
60 155
60 193
61 67
61 72
61 86
62 75
62 140
62 191
62 193
63 73
63 88
63 120
63 143
63 194
63 198
64 105
64 140
65 110
65 165
65 173
66 85
66 118
66 189
67 86
67 191
68 81
68 83
68 92
68 106
68 110
68 115
68 139
68 173
68 175
68 196
69 85
69 87
69 140
69 152
69 159
69 165
70 72
70 170
70 178
71 147
72 72
72 81
72 82
72 112
72 113
72 139
72 150
72 153
72 170
73 85
73 108
73 143
73 173
74 105
74 118
74 122
75 102
75 134
75 135
75 147
75 152
76 79
76 175
77 91
77 109
77 125
77 198
78 105
78 165
78 173
78 189
79 100
79 143
79 164
79 176
80 106
80 128
80 160
80 175
80 184
80 189
80 194
81 86
81 116
81 150
81 151
81 188
82 113
82 117
82 193
83 133
83 135
83 189
84 130
84 150
84 153
84 188
85 154
85 165
85 186
85 197
86 117
86 119
86 154
86 189
87 122
87 129
87 133
87 173
88 110
88 129
89 97
89 113
89 140
89 162
89 182
89 195
90 116
90 195
92 149
93 101
93 104
94 96
94 139
95 105
95 140
95 159
96 149
96 165
96 166
97 120
97 123
97 140
97 162
98 137
98 140
98 143
98 177
98 181
99 104
99 134
99 157
100 126
100 196
102 136
102 159
102 169
102 189
103 106
103 197
104 156
104 170
104 171
105 138
105 143
105 193
105 198
106 116
106 123
107 135
107 146
107 192
108 108
108 130
108 131
108 164
108 189
108 191
109 109
109 163
109 192
111 132
111 153
111 172
111 182
112 122
112 186
113 181
114 137
114 140
114 159
114 162
114 190
115 142
115 145
115 149
115 166
116 122
116 175
116 184
116 185
117 118
117 129
117 148
117 149
117 157
117 173
117 176
118 148
118 173
118 186
118 196
119 153
120 143
120 183
121 122
121 140
121 149
122 122
122 132
122 148
122 160
122 173
122 176
123 162
124 131
124 135
124 146
124 154
124 165
124 183
125 168
126 134
126 165
127 136
127 143
127 149
127 158
128 159
128 162
128 175
128 190
129 160
129 186
130 130
130 133
130 146
130 156
130 173
130 191
130 193
131 179
131 189
132 148
134 134
134 145
134 146
134 147
134 152
134 155
134 171
134 177
134 185
134 186
134 193
135 170
135 171
135 189
136 155
136 158
136 174
136 191
137 140
137 162
137 176
138 153
138 162
138 196
139 168
139 199
140 156
140 162
140 179
140 182
140 187
140 190
141 166
141 168
141 180
142 149
142 171
143 143
143 159
143 172
143 177
144 156
144 181
144 190
145 145
145 163
146 171
146 179
147 191
147 193
149 166
149 168
149 194
150 153
150 175
151 151
151 188
151 189
151 193
153 166
153 182
154 163
154 171
154 178
155 174
155 196
156 179
157 176
157 199
158 164
159 159
159 172
159 177
159 188
160 173
160 181
162 162
163 169
163 173
164 167
164 178
166 166
166 168
166 171
166 174
166 178
166 180
166 181
167 167
167 187
168 185
170 170
170 178
170 187
171 176
171 177
172 177
172 182
172 183
172 191
172 199
173 176
174 191
175 175
179 181
181 182
181 199
187 189
187 197
188 189
189 191
190 194
191 193
192 192
196 196
197 197