0 10
0 32
0 52
0 55
0 68
0 79
0 91
0 109
0 164
1 35
1 41
1 53
1 87
1 111
1 117
1 122
1 157
1 188
2 2
2 12
2 46
2 64
2 83
2 95
2 138
2 143
2 145
2 172
3 36
3 58
3 126
3 130
3 165
3 189
3 196
4 12
4 34
4 47
4 64
4 85
4 143
4 159
4 175
5 6
5 13
5 17
5 20
5 37
5 65
5 68
5 92
5 130
5 136
5 156
5 165
6 13
6 47
6 71
6 85
6 107
6 176
6 185
7 28
7 68
7 80
7 166
7 194
8 8
8 26
8 109
8 173
9 12
9 61
9 89
9 116
9 133
9 139
9 151
9 175
10 21
10 171
11 14
11 33
11 60
11 61
11 130
11 136
12 22
12 33
12 46
12 110
12 143
12 159
12 172
13 13
13 17
13 22
13 26
13 58
13 68
13 69
13 71
13 76
13 100
13 103
13 111
13 126
13 160
13 165
13 185
13 197
14 15
14 57
14 108
14 134
14 136
14 138
14 181
14 198
15 15
15 40
15 47
15 121
15 142
15 155
15 168
16 16
16 53
16 72
16 89
16 98
16 117
16 119
16 121
16 137
16 144
16 145
16 162
16 181
16 183
16 189
16 190
16 195
17 58
17 171
17 185
17 194
18 24
18 38
18 112
18 116
18 131
18 141
18 170
18 171
19 60
19 130
19 134
19 136
19 146
20 60
20 103
20 122
20 126
21 53
21 58
21 62
21 89
21 98
21 104
21 121
21 137
21 140
21 151
21 156
21 158
21 182
21 190
21 195
22 32
22 143
23 37
23 45
23 67
23 68
23 128
23 169
23 188
24 139
24 189
25 28
25 32
25 55
25 87
25 88
25 101
25 118
25 125
25 164
25 167
25 192
26 38
26 86
26 143
26 171
26 184
27 27
27 40
27 43
27 92
27 136
27 141
27 142
28 29
28 39
28 42
28 68
28 106
29 37
29 72
29 81
29 84
29 89
29 169
30 32
30 55
30 59
30 66
30 77
30 79
30 119
30 142
30 159
30 182
30 189
31 31
31 77
31 79
31 140
31 192
31 199
32 55
32 58
32 109
32 122
33 75
33 130
33 151
33 191
34 87
34 129
34 171
35 61
35 86
35 122
35 185
35 186
36 67
36 72
36 101
36 109
36 164
36 167
36 187
37 140
37 151
37 199
38 48
38 56
38 101
38 107
38 131
38 163
38 170
38 189
39 134
39 136
39 191
40 40
40 43
40 66
40 92
40 94
40 104
40 115
40 142
40 147
40 156
40 158
40 168
40 172
40 180
40 194
40 196
41 78
41 88
41 115
41 122
41 130
41 134
41 135
41 137
41 160
41 176
41 177
42 72
42 119
42 151
42 154
43 47
43 166
43 172
44 68
44 78
44 80
44 128
44 175
45 104
45 117
45 124
45 135
45 154
45 163
45 190
45 199
46 86
46 118
46 172
46 175
47 62
47 80
47 96
47 149
47 165
47 172
47 184
47 194
48 63
48 117
48 118
48 154
48 163
48 192
49 59
49 146
49 147
49 159
49 172
49 183
50 55
50 141
50 168
50 174
51 80
51 81
51 96
51 142
51 166
51 171
51 180
52 85
52 161
52 162
52 196
53 56
53 87
53 179
53 182
53 183
53 190
54 137
54 140
54 172
54 179
54 180
54 181
55 55
55 66
55 79
55 82
55 90
55 91
55 107
55 109
55 192
56 56
56 60
56 70
56 84
56 86
56 102
56 104
56 106
56 131
56 135
56 146
56 154
56 170
56 177
56 179
56 187
57 60
57 122
57 136
57 146
57 191
59 91
59 107
59 122
60 146
60 193
61 80
61 116
61 138
61 143
61 175
62 75
62 87
62 140
62 163
62 191
62 193
63 63
63 69
63 73
63 168
63 172
63 177
63 198
64 83
64 105
64 143
65 69
65 99
65 182
66 116
66 167
66 198
67 76
67 128
67 175
67 184
67 191
68 68
68 75
68 76
68 106
68 110
68 117
68 157
68 165
69 131
69 133
69 140
69 165
69 197
70 75
70 154
71 118
72 74
72 81
72 88
72 112
72 113
72 150
72 151
72 159
72 161
72 189
73 120
73 143
73 172
73 186
73 192
74 105
74 135
74 153
75 134
75 135
76 150
77 82
77 90
77 101
77 104
77 108
77 109
77 167
77 196
78 117
78 122
78 171
78 173
79 153
79 164
80 80
80 116
80 128
80 139
80 144
80 184
81 99
81 106
81 151
81 153
81 182
82 122
82 153
82 193
83 106
83 159
83 184
84 130
84 150
84 162
84 188
85 85
85 124
85 126
85 165
85 170
85 178
85 196
86 102
86 108
86 170
86 171
86 177
86 189
87 135
87 148
87 176
89 97
89 113
89 140
89 162
89 182
89 195
90 105
90 195
92 142
92 149
92 170
92 192
93 109
93 162
93 192
93 197
94 96
94 139
94 173
95 138
95 140
95 143
95 159
96 127
96 149
96 158
96 159
97 140
97 162
97 175
98 140
98 156
98 162
98 181
99 134
99 186
100 102
100 165
100 197
101 198
102 108
102 136
102 140
103 143
104 117
105 105
105 106
105 143
105 159
105 172
105 177
105 183
105 199
106 173
106 175
107 150
108 130
108 154
108 170
108 171
108 195
109 163
109 168
110 113
110 125
110 129
110 139
110 197
111 153
111 157
111 182
111 188
112 181
113 153
114 120
114 140
114 162
114 182
114 190
115 142
115 145
115 149
115 166
116 128
116 175
116 190
117 118
117 122
117 133
117 149
117 173
118 129
118 148
118 167
118 173
118 176
119 169
119 176
120 138
120 172
120 199
121 135
121 140
122 148
122 152
122 155
122 160
122 173
122 186
123 144
123 177
123 182
124 131
124 154
124 170
125 168
125 192
126 134
126 196
127 131
127 149
127 163
127 166
128 134
128 190
129 160
129 173
130 130
130 143
130 146
130 184
130 191
130 193
131 171
132 154
132 173
132 176
134 134
134 145
134 146
134 147
134 152
134 155
134 177
134 186
134 193
135 135
135 187
135 191
136 155
136 174
136 191
137 140
137 162
138 143
138 191
139 140
139 176
139 191
140 156
140 179
140 181
140 187
140 190
141 149
141 166
141 173
142 149
142 158
142 166
143 159
143 162
143 172
143 183
143 196
144 144
144 156
144 181
144 190
145 145
146 162
147 174
147 191
147 193
148 157
148 160
148 161
148 173
149 150
149 166
149 168
149 194
150 167
151 153
151 188
152 159
152 164
152 174
153 188
153 189
153 193
154 156
154 179
154 180
154 187
154 189
155 174
157 173
158 164
159 159
159 172
159 177
160 173
160 176
160 196
161 185
162 162
163 170
163 189
165 197
166 166
166 168
166 171
166 174
166 178
166 180
166 181
170 178
170 192
171 199
172 177
172 195
172 199
173 177
174 191
181 182
182 186
187 189
189 189
189 191
190 194
191 193
196 197