0 10
0 32
0 52
0 55
0 79
0 91
0 109
0 164
0 192
1 6
1 8
1 87
1 117
1 122
1 125
1 148
1 160
1 186
2 4
2 12
2 49
2 63
2 73
2 82
2 105
2 133
2 143
2 159
2 184
3 36
3 58
3 126
3 130
3 165
3 196
3 197
4 12
4 105
4 120
4 127
4 139
5 9
5 10
5 13
5 17
5 20
5 65
5 100
5 136
5 148
5 151
5 165
5 170
5 196
6 13
6 20
6 47
6 71
6 85
6 98
6 116
6 176
6 185
7 68
7 99
7 166
7 198
8 40
8 117
8 157
8 176
9 67
9 76
9 80
9 97
9 116
9 128
10 21
10 72
10 150
10 188
11 14
11 21
11 33
11 60
11 61
11 130
11 136
12 33
12 43
12 50
12 70
12 172
12 177
12 195
13 13
13 17
13 20
13 35
13 58
13 69
13 71
13 85
13 100
13 103
13 106
13 123
13 126
13 161
13 165
13 172
13 185
14 15
14 48
14 57
14 116
14 134
14 136
14 138
14 143
15 15
15 40
15 47
15 53
15 141
15 158
15 168
15 196
16 16
16 29
16 53
16 78
16 89
16 98
16 119
16 121
16 137
16 144
16 145
16 162
16 182
16 183
16 189
16 190
16 195
17 52
17 96
17 126
18 38
18 56
18 67
18 163
18 170
18 187
18 189
18 199
19 60
19 130
19 134
19 136
19 146
20 60
20 144
21 37
21 53
21 62
21 79
21 89
21 98
21 121
21 137
21 140
21 144
21 153
21 154
21 156
21 190
21 195
22 39
22 120
22 143
22 172
22 181
22 191
23 44
23 68
23 69
23 74
23 108
23 151
24 44
24 61
24 68
24 86
25 28
25 32
25 55
25 77
25 88
25 101
25 109
25 125
25 164
25 166
25 167
25 173
26 56
26 68
26 81
26 84
26 85
26 108
26 135
27 27
27 40
27 77
27 92
27 136
27 137
27 142
28 39
28 67
28 68
28 80
28 92
28 139
28 144
28 175
29 72
29 89
29 119
29 151
29 153
30 32
30 55
30 59
30 66
30 79
30 90
30 119
30 142
30 182
31 31
31 35
31 63
31 79
31 140
31 143
31 172
31 192
32 55
32 58
32 81
32 109
33 56
33 75
33 130
33 163
33 191
34 84
34 116
34 118
34 132
34 188
35 117
35 173
36 45
36 66
36 77
36 101
36 109
36 153
36 162
36 167
36 191
37 74
37 81
37 82
37 112
37 150
37 193
38 42
38 56
38 86
38 104
38 108
38 124
38 135
38 154
38 171
38 199
39 68
39 134
39 136
40 40
40 43
40 66
40 92
40 94
40 104
40 115
40 142
40 147
40 156
40 158
40 168
40 180
40 194
40 196
41 41
41 115
41 117
41 118
41 120
41 122
41 130
41 134
41 160
41 173
41 176
42 46
42 72
42 100
42 153
43 78
43 166
43 171
44 51
44 67
44 80
45 45
45 56
45 72
45 86
45 89
45 131
45 154
45 187
45 189
45 190
46 74
46 95
46 138
46 143
46 172
47 51
47 62
47 96
47 141
47 149
47 184
47 194
48 69
48 78
48 80
48 122
48 143
48 172
49 122
49 143
49 146
49 147
50 96
50 168
50 180
51 96
51 106
51 139
51 142
51 166
51 191
52 53
52 162
53 88
53 89
53 107
53 138
53 166
53 181
53 182
53 190
54 54
54 140
54 179
54 181
55 59
55 66
55 79
55 80
55 87
55 90
55 91
55 109
55 179
55 184
55 192
56 60
56 81
56 86
56 102
56 104
56 107
56 119
56 135
56 169
56 170
56 171
56 178
56 187
57 60
57 69
57 122
57 136
57 146
57 191
58 72
58 85
58 100
58 165
59 77
59 118
59 135
59 195
59 197
60 146
60 193
61 79
61 80
62 75
62 140
62 170
62 176
62 191
62 193
63 63
63 68
63 97
63 138
63 143
63 177
63 183
64 73
64 76
64 83
64 105
64 120
64 159
64 198
65 69
65 131
65 176
65 196
66 117
66 124
67 68
67 73
67 128
67 191
68 68
68 80
68 83
68 116
68 119
68 175
68 184
69 85
69 140
69 165
70 86
70 170
70 187
71 128
71 196
72 82
72 95
72 112
72 134
72 149
72 151
72 161
72 169
72 188
73 143
73 172
74 153
75 133
75 134
75 135
76 80
76 106
76 110
77 106
77 109
77 116
77 125
77 167
78 173
79 80
79 164
79 173
80 106
80 139
80 194
81 111
81 112
81 169
82 118
82 193
83 143
83 175
84 112
84 113
84 151
84 188
85 107
85 152
85 165
85 178
85 185
85 197
86 139
86 154
86 166
86 187
86 199
87 102
87 122
87 145
87 148
87 186
87 190
88 153
89 113
89 124
89 140
89 162
89 182
89 195
90 142
91 104
92 149
92 168
92 175
93 109
93 146
93 189
93 192
94 125
94 172
95 140
95 143
96 127
96 149
96 166
96 189
97 140
97 162
98 137
98 140
98 153
98 181
99 173
99 176
101 162
101 192
102 136
102 171
102 189
103 179
103 197
104 156
104 170
104 171
105 114
105 136
105 138
105 143
105 159
105 168
105 169
105 171
105 172
106 106
106 171
107 117
107 135
107 192
108 130
108 131
108 154
108 171
108 189
108 199
109 110
109 168
109 188
110 139
110 185
111 151
111 182
112 122
112 153
113 152
113 188
114 137
114 140
114 162
114 190
115 115
115 142
115 149
116 122
116 139
117 141
117 148
117 157
117 173
118 122
118 148
118 151
118 155
118 160
118 173
118 186
119 151
120 146
121 122
121 140
122 122
122 132
122 160
122 173
122 186
123 144
123 149
123 162
123 177
124 131
124 135
124 154
124 159
126 134
127 149
127 163
127 166
128 162
128 190
129 154
129 173
129 176
129 186
130 130
130 145
130 146
130 156
130 191
130 193
131 163
131 179
131 189
132 135
132 159
132 160
133 186
134 134
134 145
134 146
134 147
134 152
134 155
134 165
134 177
134 190
134 191
134 193
135 170
135 171
135 189
136 155
136 174
136 191
137 140
137 162
137 176
138 143
138 150
138 159
139 172
140 156
140 162
140 179
140 181
140 182
140 187
140 190
141 158
141 166
141 171
142 149
142 166
143 159
143 168
143 172
143 177
143 198
144 156
144 158
144 190
146 179
147 174
147 191
147 193
148 160
148 172
149 166
149 194
150 151
150 161
150 188
152 164
152 174
153 161
153 182
154 163
154 169
154 171
154 178
154 192
155 174
155 196
156 179
157 157
158 164
159 159
159 177
159 180
159 183
159 189
159 199
162 162
162 170
164 167
165 173
166 166
166 168
166 174
166 178
166 180
167 187
168 185
170 178
170 187
171 173
171 178
172 172
172 183
172 198
174 189
174 191
175 175
175 184
175 196
179 181
181 182
181 199
183 193
187 197
189 189
191 193
191 196
192 192
194 195
197 197