0 32
0 36
0 55
0 93
0 101
0 164
0 167
0 194
1 8
1 41
1 48
1 86
1 117
1 118
1 122
1 129
1 157
1 173
1 176
2 2
2 7
2 12
2 49
2 63
2 73
2 105
2 143
2 159
2 198
3 5
3 6
3 13
3 17
3 20
3 76
3 100
3 126
3 153
3 185
4 4
4 63
4 64
4 143
5 6
5 13
5 58
5 69
5 71
5 78
5 85
5 165
5 185
6 85
6 100
6 103
6 126
6 192
7 9
7 24
7 68
7 80
7 110
7 128
8 56
8 117
8 118
8 122
8 148
8 186
9 44
9 61
9 67
9 68
9 83
9 184
10 16
10 37
10 111
10 119
10 150
11 11
11 14
11 33
11 60
11 62
11 130
11 136
12 22
12 46
12 64
12 86
12 105
12 157
12 159
12 172
12 177
12 183
13 13
13 17
13 20
13 26
13 52
13 58
13 65
13 69
13 71
13 85
13 100
13 103
13 126
13 165
13 185
13 196
13 197
14 57
14 60
14 87
14 130
14 134
15 92
15 96
15 115
15 123
15 127
15 142
15 149
15 166
15 168
15 194
16 21
16 53
16 89
16 98
16 121
16 137
16 140
16 144
16 156
16 162
16 179
16 182
16 190
16 195
17 17
17 52
17 85
17 165
18 56
18 102
18 104
18 109
18 154
18 170
18 171
18 187
18 189
19 130
19 134
19 136
19 146
20 52
20 69
20 85
20 185
21 54
21 92
21 97
21 98
21 114
21 121
21 123
21 137
21 140
21 162
21 179
21 182
21 190
21 195
22 105
22 143
22 156
22 172
22 191
23 44
23 80
23 83
23 139
23 170
24 61
24 68
24 80
24 83
25 31
25 55
25 59
25 66
25 79
25 101
25 109
25 115
25 125
25 192
25 198
26 45
26 56
26 86
26 135
26 136
26 170
27 40
27 43
27 47
27 57
27 127
27 141
27 149
27 166
27 180
28 61
28 68
28 83
28 106
28 116
28 139
28 175
28 184
29 37
29 72
29 153
29 188
29 190
30 31
30 32
30 55
30 66
30 77
30 79
30 90
30 140
30 192
31 55
31 77
31 79
31 109
31 167
32 36
32 55
32 93
32 101
32 109
32 125
33 39
33 56
33 62
33 75
33 130
33 154
33 191
34 34
34 108
34 122
34 148
34 173
34 176
35 89
35 122
35 135
35 148
36 55
36 59
36 66
36 79
36 192
37 47
37 72
37 128
37 151
37 153
37 169
37 188
38 45
38 93
38 102
38 108
38 131
38 154
38 170
38 173
38 181
38 189
39 57
39 134
39 136
40 40
40 43
40 47
40 50
40 51
40 96
40 115
40 127
40 130
40 141
40 142
40 149
40 158
40 166
40 168
40 180
41 41
41 48
41 87
41 122
41 132
41 160
41 173
42 72
42 81
42 151
42 169
43 149
43 166
44 67
44 68
44 80
45 56
45 104
45 108
45 135
45 151
45 154
45 163
45 170
46 58
46 87
46 105
46 143
46 159
46 172
47 47
47 50
47 158
47 166
48 81
48 122
48 173
48 176
49 143
49 159
49 172
50 94
50 115
50 159
51 92
51 94
51 142
51 158
51 176
51 194
52 69
52 165
53 54
53 140
53 162
53 182
54 140
54 156
54 181
55 55
55 66
55 79
55 90
55 91
55 109
55 124
55 192
56 70
56 104
56 108
56 124
56 131
56 135
56 154
56 163
56 170
56 171
56 178
56 187
56 189
57 60
57 134
57 146
57 191
58 71
58 107
58 196
58 197
59 125
59 192
60 107
60 146
60 155
60 193
61 67
61 76
61 80
61 106
62 75
62 191
62 193
63 64
63 95
63 118
63 143
63 159
63 172
63 177
63 198
64 105
64 120
64 159
65 103
65 172
65 196
66 109
67 80
67 83
67 163
67 184
68 71
68 76
68 80
68 83
68 106
68 110
68 128
68 133
68 171
68 175
68 184
69 112
69 185
70 163
70 170
70 171
71 196
72 74
72 82
72 84
72 88
72 111
72 113
72 134
72 143
72 150
72 151
72 161
72 188
73 105
73 143
73 159
73 183
74 81
74 119
74 153
74 188
75 136
75 146
75 152
75 155
76 116
76 133
77 79
77 82
77 90
77 93
77 101
77 167
78 118
78 122
78 160
78 166
78 173
79 109
79 197
80 106
80 139
80 149
80 175
80 184
81 113
81 151
81 153
81 161
81 169
82 113
82 153
84 112
84 150
84 161
84 188
84 193
85 107
85 118
85 157
85 196
85 197
86 104
86 135
86 154
86 170
86 171
87 87
87 117
87 122
87 173
88 150
88 188
89 89
89 97
89 140
89 144
89 156
89 162
89 195
90 106
91 109
91 192
92 149
92 166
94 166
95 138
95 172
96 115
96 149
96 158
97 140
97 190
98 137
98 140
98 156
98 182
99 122
99 129
99 132
99 173
100 140
100 165
100 197
101 164
102 135
102 171
102 189
103 196
104 108
104 171
104 189
105 120
105 143
105 172
105 175
105 177
105 199
106 106
106 175
107 176
107 197
108 108
108 131
108 178
109 167
110 184
111 151
112 153
113 188
114 140
114 162
114 182
115 166
116 116
116 133
116 163
116 175
116 184
117 118
117 122
117 129
117 132
117 148
117 173
117 176
117 199
118 122
118 132
118 157
118 173
118 186
119 150
120 143
120 159
120 199
121 140
121 144
122 129
122 160
122 173
122 176
122 177
123 140
123 162
124 170
124 171
126 197
127 166
128 175
129 132
129 148
129 186
130 130
130 136
130 145
130 146
130 160
130 189
130 191
130 193
131 135
131 163
131 171
131 178
131 189
132 134
132 173
133 139
133 151
134 134
134 136
134 145
134 146
134 147
134 152
134 155
134 174
134 191
134 193
135 154
135 170
135 187
135 189
136 147
136 174
136 191
136 193
137 140
137 181
138 138
138 143
138 159
138 172
138 198
139 139
139 175
139 196
140 144
140 156
140 162
140 179
140 181
140 190
141 149
141 158
141 166
142 142
142 149
142 166
142 168
143 143
143 159
143 172
143 183
143 198
143 199
144 149
144 181
144 190
145 193
147 174
147 191
147 193
149 158
149 168
150 153
151 153
152 174
153 161
153 169
153 188
154 170
154 171
154 178
154 187
155 174
156 179
156 182
157 160
158 166
159 172
159 177
159 183
159 199
160 173
160 176
162 162
162 181
162 190
163 171
163 178
163 189
164 164
164 167
165 165
165 196
165 199
166 168
166 180
166 194
168 194
170 187
170 189
171 171
172 172
172 177
172 198
172 199
173 186
174 191
175 191
176 186
177 183
181 195
182 190
182 194
185 197
188 196
189 189
190 195
191 191
191 193
192 198