0 25
0 32
0 36
0 55
0 60
0 77
0 80
0 164
0 174
1 34
1 66
1 118
1 122
1 142
1 160
1 165
1 173
1 186
2 12
2 64
2 83
2 95
2 109
2 138
2 143
2 145
2 166
2 172
3 5
3 13
3 41
3 46
3 56
3 103
3 145
3 185
4 22
4 50
4 100
4 106
4 143
4 170
5 11
5 13
5 36
5 76
5 80
5 103
5 126
5 130
5 165
5 173
5 196
6 17
6 20
6 37
6 41
6 65
6 130
6 165
6 196
7 22
7 44
7 166
7 175
8 12
8 41
8 122
8 157
8 176
8 179
9 12
9 67
9 89
9 135
9 139
9 180
9 189
10 21
10 37
10 72
10 171
11 19
11 21
11 62
11 75
11 102
11 130
12 22
12 33
12 94
12 110
12 143
12 159
12 172
12 198
13 13
13 14
13 16
13 17
13 20
13 54
13 71
13 76
13 85
13 100
13 103
13 107
13 119
13 157
13 169
13 185
13 197
14 14
14 21
14 61
14 64
14 134
14 136
15 25
15 27
15 36
15 53
15 142
15 146
15 149
15 166
15 180
16 16
16 53
16 88
16 89
16 98
16 105
16 118
16 121
16 137
16 144
16 145
16 162
16 174
16 182
16 183
16 189
16 190
17 26
17 111
17 171
17 185
17 196
18 38
18 45
18 86
18 116
18 135
18 171
19 130
19 134
19 152
20 40
20 53
20 149
21 42
21 47
21 53
21 68
21 89
21 101
21 121
21 135
21 137
21 144
21 170
21 190
21 194
21 195
22 46
22 141
22 143
23 37
23 68
23 80
23 139
23 143
23 188
24 28
24 61
24 151
24 171
25 31
25 47
25 55
25 66
25 91
25 101
25 117
25 125
25 172
25 193
26 38
26 62
26 143
26 163
26 171
26 189
27 40
27 92
27 121
27 127
27 136
27 142
27 166
27 194
28 31
28 110
28 140
28 161
29 37
29 81
29 89
29 151
29 166
29 188
29 199
30 32
30 55
30 59
30 66
30 79
30 109
30 119
30 159
30 182
31 31
31 35
31 109
31 110
31 192
32 55
32 67
32 75
32 122
32 140
32 172
33 62
33 75
33 130
34 83
34 105
34 118
34 140
34 173
35 116
35 117
35 118
35 122
35 123
36 77
36 81
36 109
36 136
36 137
36 143
37 161
37 199
38 38
38 56
38 107
38 120
38 135
38 150
38 170
38 187
38 199
39 134
39 136
39 190
39 198
40 40
40 43
40 47
40 57
40 68
40 76
40 92
40 94
40 96
40 107
40 141
40 142
40 149
40 166
40 194
41 87
41 111
41 117
41 125
41 130
41 148
41 160
42 44
42 144
42 173
43 56
43 166
43 172
43 196
44 72
44 80
44 116
45 85
45 92
45 104
45 117
45 124
45 135
45 163
45 189
45 190
46 63
46 95
46 159
46 172
46 175
47 65
47 78
47 115
47 127
47 141
47 180
48 63
48 91
48 118
48 122
48 129
48 141
48 154
49 77
49 152
49 155
49 159
49 172
49 183
50 96
50 149
50 194
51 62
51 136
51 141
51 142
51 168
51 174
52 85
52 103
52 132
52 162
52 197
53 54
53 122
53 172
53 183
53 190
54 111
54 114
54 140
54 153
54 181
55 59
55 66
55 77
55 79
55 82
55 90
55 92
55 109
55 123
55 127
55 150
55 164
56 70
56 98
56 102
56 104
56 105
56 106
56 108
56 123
56 131
56 135
56 139
56 149
56 154
56 170
56 178
56 187
56 189
57 60
57 68
57 71
57 146
57 147
57 168
57 191
57 193
58 68
58 69
58 85
58 165
59 93
59 129
59 163
59 179
60 107
60 127
60 146
60 155
60 174
60 193
61 67
61 116
61 138
61 143
62 86
62 140
62 191
62 193
63 63
63 73
63 83
63 168
63 177
63 198
64 140
64 143
65 69
66 108
66 122
66 195
67 97
67 128
67 134
67 182
68 72
68 76
68 80
68 83
68 104
68 128
68 133
68 136
68 139
68 168
68 184
68 191
69 72
69 77
69 85
69 105
69 106
69 139
69 140
69 165
70 138
70 154
70 191
71 134
72 84
72 88
72 111
72 112
72 119
72 142
72 150
72 151
72 161
72 192
73 132
73 143
73 172
74 81
74 122
74 135
74 153
74 166
74 186
76 80
76 139
77 79
77 86
77 105
77 124
77 192
78 108
78 118
78 119
78 165
78 175
78 176
79 117
79 164
79 172
80 106
80 110
80 116
80 117
80 139
80 150
80 175
81 98
81 112
81 113
81 150
81 153
82 109
82 131
82 151
82 193
83 108
83 139
83 159
84 130
84 151
84 159
84 162
84 189
85 93
85 100
85 118
85 131
85 165
85 196
86 102
86 106
86 116
86 122
86 135
86 170
86 171
86 177
87 117
87 129
87 135
87 145
87 148
87 163
87 192
88 157
89 113
89 124
89 140
89 162
89 182
89 195
90 109
90 133
90 184
90 195
91 125
92 158
92 166
92 170
92 179
93 182
93 198
94 180
95 138
95 140
95 143
96 159
96 166
97 140
97 162
97 177
98 106
98 120
98 140
98 172
98 181
99 130
99 134
99 173
100 126
101 134
101 191
102 184
102 189
102 195
104 109
104 118
104 189
105 143
105 159
105 172
105 182
105 183
105 191
105 199
106 116
106 196
107 122
107 151
107 163
108 130
108 135
108 154
108 171
108 187
109 142
109 167
110 113
111 120
111 148
111 153
112 182
113 150
114 140
114 162
114 190
115 140
115 141
115 142
115 166
115 192
116 144
117 122
117 129
117 152
117 158
117 171
117 176
118 133
118 153
118 165
120 172
120 186
121 140
121 179
122 129
122 148
122 152
122 157
122 173
122 176
123 136
123 156
124 131
124 135
124 147
124 154
124 170
124 197
125 144
126 134
126 197
127 168
127 172
128 145
128 162
128 190
130 130
130 143
130 147
130 156
130 191
130 193
131 161
131 170
131 171
132 136
134 134
134 136
134 145
134 146
134 152
134 155
134 174
134 177
134 186
134 192
134 193
135 174
136 136
136 146
136 174
136 175
136 191
137 140
137 144
137 162
137 181
138 146
140 156
140 162
140 179
140 182
140 187
140 190
141 162
142 166
143 159
143 162
143 172
143 183
143 196
144 181
145 147
145 155
145 166
146 173
147 151
147 191
148 160
148 173
149 149
149 158
149 166
149 168
150 188
150 191
151 153
151 188
152 159
153 188
153 189
153 193
153 197
154 156
154 179
154 180
154 184
154 187
154 189
156 179
156 182
156 195
157 173
158 164
158 165
159 159
159 172
159 177
159 188
159 191
160 173
160 181
160 186
160 189
160 197
162 162
162 167
163 170
163 191
164 167
164 173
164 178
165 185
165 194
166 166
166 169
167 167
168 171
168 180
169 170
170 178
170 192
171 178
171 199
172 196
173 176
173 191
175 175
175 193
176 176
176 177
179 181
179 189
181 182
181 199
182 196
184 192
187 189
189 193
189 194
190 194
191 191
191 193
192 192
197 197