0 31
0 55
0 66
0 77
0 79
0 101
0 125
0 161
0 172
1 8
1 41
1 74
1 78
1 117
1 120
1 160
1 176
2 4
2 31
2 39
2 46
2 49
2 63
2 73
2 105
2 120
2 149
2 159
3 13
3 16
3 17
3 103
3 131
3 197
4 13
4 51
4 124
5 5
5 6
5 54
5 58
5 71
5 126
5 136
5 169
5 172
6 13
6 22
6 69
6 111
6 164
6 185
7 18
7 28
7 106
7 116
7 159
8 90
8 125
8 160
8 163
9 28
9 44
9 56
9 68
9 83
9 87
9 159
10 51
10 72
10 84
10 97
10 153
10 154
11 14
11 33
11 61
11 62
11 130
11 136
12 33
12 64
12 74
12 105
12 143
12 159
12 180
12 183
13 17
13 20
13 52
13 58
13 69
13 71
13 85
13 100
13 103
13 126
13 155
13 165
13 172
13 185
13 191
13 196
13 197
14 15
14 57
14 60
14 67
14 134
14 136
14 162
14 190
15 39
15 40
15 43
15 92
15 115
15 136
15 142
15 149
16 16
16 41
16 53
16 89
16 95
16 98
16 107
16 121
16 137
16 144
16 162
16 190
16 195
17 85
17 143
17 197
18 18
18 56
18 102
18 108
18 117
18 131
18 171
18 189
19 130
19 134
19 136
19 146
20 52
20 65
20 100
20 144
20 166
20 187
21 29
21 70
21 98
21 114
21 121
21 123
21 128
21 137
21 140
21 142
21 156
21 179
21 182
21 190
21 195
22 42
22 138
22 143
22 159
22 172
23 28
23 53
23 56
23 80
23 184
24 38
24 67
24 78
24 139
25 32
25 36
25 55
25 59
25 66
25 85
25 90
25 109
25 162
25 173
26 37
26 56
26 104
26 134
26 154
26 170
26 188
26 189
27 47
27 50
27 51
27 59
27 127
27 149
27 166
27 168
27 171
27 180
27 181
28 39
28 63
28 175
29 53
29 72
29 74
29 105
29 111
29 153
30 31
30 38
30 55
30 79
30 101
30 109
30 158
30 164
30 167
30 175
30 178
30 192
31 101
31 109
31 143
32 42
32 66
32 72
32 93
32 150
32 164
32 167
33 62
33 75
33 122
33 130
33 171
34 35
34 77
34 78
34 112
34 118
34 151
35 89
35 107
35 148
36 55
36 76
36 86
36 90
36 91
36 109
36 110
36 127
36 159
37 72
37 81
37 84
37 111
37 112
37 140
37 150
37 169
38 56
38 86
38 131
38 163
38 171
38 178
38 187
38 189
38 197
39 134
39 136
40 40
40 41
40 43
40 47
40 92
40 96
40 100
40 115
40 136
40 141
40 142
40 145
40 149
40 166
40 168
40 180
40 194
41 48
41 118
41 122
41 130
41 133
41 134
41 186
42 68
42 135
42 153
43 47
43 81
43 89
43 106
43 149
43 166
44 68
44 76
44 106
44 116
44 141
44 175
45 45
45 56
45 73
45 108
45 153
45 164
45 170
45 171
45 182
45 189
46 63
46 105
46 120
46 143
46 153
46 172
46 199
47 50
47 63
47 127
47 130
47 166
47 185
48 53
48 99
48 117
48 122
48 173
48 184
49 63
49 105
49 146
49 147
49 154
49 159
50 51
50 83
50 103
50 158
51 62
51 64
51 67
51 94
51 115
52 85
52 98
52 165
53 88
53 140
53 158
53 162
53 163
53 181
53 182
53 190
54 140
54 156
54 162
54 182
54 194
55 55
55 56
55 59
55 79
55 91
55 116
55 125
55 190
55 192
55 198
56 56
56 70
56 102
56 118
56 124
56 135
56 154
56 156
56 170
56 187
56 191
57 60
57 134
57 136
57 146
57 191
58 79
58 126
58 128
58 153
59 118
60 107
60 114
60 127
60 146
60 155
60 193
61 68
61 150
61 175
62 160
62 191
62 193
63 138
63 143
63 144
63 159
63 183
64 138
64 172
65 80
65 165
65 179
66 165
66 167
66 168
66 176
67 68
67 106
67 128
67 137
67 175
68 68
68 76
68 77
68 80
68 83
68 116
68 128
68 139
68 175
68 179
68 198
69 111
69 140
69 165
69 196
70 86
70 154
71 125
72 72
72 81
72 88
72 111
72 113
72 119
72 127
72 151
72 153
72 199
73 133
73 143
73 148
73 159
73 185
74 99
75 106
75 134
75 135
76 80
76 184
77 77
77 109
77 163
77 192
78 117
78 132
78 155
79 81
79 93
79 105
79 157
79 164
79 192
80 80
80 89
80 106
80 110
80 128
80 135
80 139
80 175
81 81
81 171
82 151
82 153
82 167
82 173
82 193
83 116
83 196
84 112
84 161
84 169
84 175
85 88
85 100
85 165
85 177
85 196
86 131
86 159
86 173
86 187
86 189
87 117
87 122
87 127
87 132
87 145
87 160
87 173
89 89
89 97
89 140
89 144
89 182
89 195
91 116
91 168
92 112
92 115
92 142
92 166
93 94
93 189
94 166
95 133
95 172
96 149
96 158
97 140
98 140
98 162
99 102
99 148
101 191
101 192
102 113
102 136
102 170
103 139
104 108
104 117
104 135
104 154
104 170
104 189
105 108
105 143
105 172
105 177
105 183
105 190
106 133
106 184
107 118
107 176
108 130
108 154
108 163
108 189
108 193
109 121
109 155
109 164
109 167
110 175
111 181
112 117
112 150
112 153
112 162
112 188
113 151
113 188
114 119
114 123
114 140
114 156
115 149
115 176
116 139
116 193
117 132
117 142
117 160
117 172
117 176
118 118
118 122
118 148
118 160
118 186
119 171
120 172
120 190
121 140
122 122
122 129
122 132
122 145
122 157
122 160
122 169
122 170
122 173
122 176
122 186
123 194
124 135
126 197
127 141
128 182
129 129
129 146
129 157
129 173
130 130
130 145
130 146
130 191
130 193
131 135
131 154
131 189
131 199
132 145
134 134
134 145
134 146
134 147
134 152
134 155
134 177
134 190
134 191
134 193
135 135
135 154
135 171
135 199
136 141
136 155
136 174
136 191
137 140
137 144
137 181
138 143
138 172
138 177
138 183
138 191
138 199
139 143
139 185
140 143
140 156
140 162
140 179
140 181
140 182
140 187
140 190
141 149
141 158
141 194
142 166
143 148
143 159
143 172
143 183
143 191
143 198
143 199
144 156
144 162
144 182
146 156
147 174
147 191
147 193
148 173
148 176
148 186
149 166
149 169
150 151
151 153
151 170
151 188
151 189
152 164
152 174
152 186
153 161
153 181
154 170
154 178
154 187
155 174
156 162
156 166
157 173
158 166
159 177
159 183
159 198
161 197
162 179
162 190
163 189
163 191
165 165
165 186
165 196
165 197
166 168
166 174
166 180
166 194
166 196
167 175
168 180
170 170
170 187
171 171
171 178
171 187
171 189
172 172
172 177
172 198
173 173
173 176
173 186
173 191
181 181
188 188
189 192
190 195
191 191
191 193
192 192
196 196