0 25
0 32
0 36
0 55
0 60
0 164
0 174
0 192
1 35
1 41
1 109
1 122
1 152
1 160
1 178
1 186
2 2
2 12
2 64
2 83
2 95
2 138
2 143
2 145
2 172
3 20
3 46
3 103
3 156
3 165
3 189
3 195
3 196
4 12
4 34
4 47
4 64
4 67
4 85
4 143
4 159
5 13
5 17
5 34
5 43
5 58
5 75
5 80
5 83
5 100
5 165
5 173
5 185
6 10
6 13
6 17
6 41
6 47
6 66
6 100
6 107
6 196
7 116
7 133
7 166
7 175
7 189
8 87
8 111
8 117
8 122
8 125
8 157
8 160
9 12
9 67
9 89
9 124
9 132
9 135
9 139
10 56
10 72
10 96
11 14
11 26
11 51
11 62
11 75
11 130
11 135
11 136
12 22
12 33
12 73
12 110
12 143
12 159
12 172
12 195
13 13
13 17
13 20
13 22
13 26
13 54
13 58
13 71
13 85
13 100
13 103
13 111
13 119
13 126
13 160
13 169
13 197
14 40
14 108
14 117
14 134
14 155
14 166
14 174
14 198
15 20
15 47
15 53
15 56
15 142
15 149
15 158
15 166
16 16
16 53
16 88
16 89
16 98
16 121
16 137
16 144
16 145
16 162
16 174
16 182
16 183
16 189
16 190
16 195
17 68
17 76
17 196
18 45
18 49
18 86
18 91
18 135
18 171
19 49
19 130
19 134
20 40
20 53
21 42
21 53
21 68
21 89
21 101
21 121
21 135
21 137
21 140
21 144
21 158
21 170
21 174
21 190
21 194
21 195
22 26
22 46
22 143
23 37
23 45
23 68
23 80
23 139
23 143
23 175
23 188
24 28
24 61
24 151
24 189
25 31
25 55
25 66
25 77
25 101
25 125
25 141
25 172
25 193
26 38
26 157
27 39
27 40
27 43
27 92
27 115
27 136
27 141
27 142
28 31
28 39
28 56
28 148
29 81
29 84
29 89
29 166
29 188
29 199
30 32
30 55
30 59
30 66
30 79
30 119
30 182
30 189
31 31
31 91
31 110
31 176
31 192
32 55
32 67
32 122
32 136
32 140
33 62
33 75
33 130
33 151
33 171
34 109
34 117
34 129
34 159
34 173
35 54
35 87
35 102
35 116
35 117
35 123
36 77
36 81
36 86
36 109
36 136
36 137
36 143
37 37
37 151
37 153
37 185
38 38
38 101
38 105
38 107
38 135
38 170
38 189
38 199
39 73
39 134
39 136
40 40
40 43
40 66
40 92
40 94
40 104
40 142
40 147
40 156
40 168
40 172
40 173
40 180
40 194
40 196
41 87
41 111
41 125
41 130
41 132
41 134
41 148
41 186
42 144
42 151
43 47
43 166
43 172
44 72
44 80
44 106
44 116
44 140
45 86
45 104
45 117
45 124
45 135
45 154
45 163
45 199
46 95
46 159
46 172
46 175
47 51
47 58
47 96
47 149
47 184
47 194
48 54
48 63
48 117
48 154
48 176
49 56
49 57
49 159
49 163
49 172
49 183
49 198
50 96
50 110
50 142
50 168
50 173
51 62
51 142
51 166
51 171
52 69
52 100
52 125
52 162
53 54
53 122
53 143
53 159
53 172
53 190
54 111
54 114
54 140
54 153
54 181
55 59
55 66
55 79
55 82
55 90
55 92
55 109
55 123
55 127
55 150
55 164
56 56
56 70
56 77
56 104
56 131
56 134
56 135
56 139
56 143
56 170
56 171
56 177
56 178
56 187
57 60
57 68
57 129
57 136
57 145
57 147
57 166
57 191
58 165
58 197
59 77
59 179
59 196
60 107
60 127
60 146
60 155
60 174
60 193
61 67
61 138
61 143
62 140
62 191
62 193
63 63
63 69
63 128
63 159
63 172
63 177
63 198
64 105
64 140
64 143
65 85
65 161
65 192
66 107
66 122
67 97
67 182
67 184
68 72
68 76
68 80
68 83
68 104
68 115
68 128
68 133
68 139
68 168
68 184
68 185
68 191
69 72
69 93
69 106
69 110
69 139
69 140
69 165
69 196
70 138
70 154
70 191
71 85
71 131
71 152
72 84
72 88
72 111
72 112
72 119
72 142
72 150
72 151
72 161
72 192
73 143
73 172
74 81
74 120
74 122
74 135
74 153
76 80
76 136
76 139
77 91
77 108
77 109
77 125
77 198
78 117
78 118
78 163
78 175
78 176
79 87
79 153
79 164
79 172
80 110
80 116
80 117
80 123
80 128
80 150
80 175
81 98
81 113
81 150
81 153
82 131
82 192
82 193
83 139
83 159
84 130
84 159
84 162
84 189
85 85
85 124
85 126
85 183
85 197
86 89
86 108
86 116
86 133
86 135
86 170
86 189
87 99
87 122
87 135
87 171
88 118
89 97
89 113
89 140
89 162
89 182
89 195
90 105
90 116
90 190
92 149
92 179
93 101
93 104
93 106
93 182
94 96
94 139
95 138
95 140
95 143
95 159
96 158
96 159
97 140
97 162
98 120
98 140
98 177
98 181
98 189
99 112
99 118
99 134
99 173
101 191
102 103
102 108
102 118
102 136
102 177
104 108
105 106
105 143
105 145
105 159
105 172
105 177
105 183
105 197
105 199
106 116
106 128
106 184
106 188
107 136
107 147
107 150
107 151
108 130
108 154
108 170
108 195
109 109
109 163
109 192
111 153
112 117
113 153
113 182
114 140
114 162
114 190
115 142
115 145
115 149
115 166
116 144
117 122
117 129
117 149
117 165
118 122
118 132
118 148
118 176
118 186
118 190
119 186
120 146
120 172
120 186
121 140
121 149
121 179
122 129
122 148
122 152
122 157
122 165
122 173
122 186
123 156
123 195
124 131
124 135
124 154
124 170
125 168
126 134
126 165
127 149
127 166
127 171
128 162
128 190
129 173
130 130
130 143
130 146
130 147
130 156
130 191
130 193
131 161
131 170
131 171
132 157
132 179
133 180
134 134
134 145
134 146
134 147
134 152
134 155
134 177
134 186
134 193
134 197
136 149
136 155
136 174
136 191
137 140
137 144
137 162
137 176
137 181
138 145
140 156
140 162
140 165
140 179
140 182
140 187
140 190
141 166
141 180
142 149
142 171
143 159
143 162
143 172
143 183
143 196
144 181
145 146
145 171
146 168
146 187
147 191
148 154
148 173
148 176
149 166
149 168
149 194
150 151
150 188
151 153
151 188
152 159
152 193
152 196
153 188
153 189
153 193
154 156
154 179
154 180
154 187
154 189
156 179
156 182
156 190
156 195
157 173
157 176
158 164
159 172
159 177
159 188
160 173
160 181
161 173
162 162
162 167
163 170
163 184
163 189
163 191
164 167
164 173
164 178
165 185
165 194
166 166
166 168
166 171
166 178
166 180
166 181
167 167
168 185
169 170
169 171
170 178
170 192
171 178
172 195
172 199
173 176
173 191
175 175
175 193
178 189
179 181
181 182
181 199
182 196
184 199
189 189
190 194
191 191
191 193
192 192
197 197