0 32
0 36
0 55
0 59
0 66
0 79
0 90
1 34
1 55
1 87
1 117
1 122
1 132
1 160
1 173
1 176
1 186
2 16
2 49
2 63
2 64
2 80
2 105
2 120
2 143
2 159
2 177
2 199
3 13
3 20
3 69
3 85
3 100
3 103
3 185
4 12
4 22
4 105
4 143
4 159
4 172
5 17
5 52
5 58
5 69
5 85
5 100
5 126
5 173
5 196
5 197
6 69
6 71
6 85
6 100
6 126
6 165
6 196
6 197
7 7
7 9
7 67
7 128
7 175
8 41
8 87
8 117
8 122
8 160
8 173
8 176
9 23
9 44
9 61
9 68
9 106
10 16
10 29
10 72
10 81
10 82
10 111
10 153
10 188
10 190
11 11
11 14
11 33
11 60
11 62
11 130
11 136
12 12
12 46
12 105
12 139
12 143
12 172
12 183
12 198
13 13
13 17
13 20
13 52
13 58
13 65
13 69
13 71
13 85
13 100
13 103
13 107
13 126
13 137
13 165
13 185
13 196
13 197
14 57
14 60
14 130
14 134
14 145
15 15
15 43
15 50
15 96
15 115
15 141
15 166
16 21
16 38
16 53
16 89
16 98
16 121
16 137
16 140
16 144
16 156
16 162
16 179
16 182
16 190
16 195
17 85
17 103
17 165
17 196
17 197
18 38
18 45
18 70
18 86
18 131
18 154
18 170
18 187
19 60
19 130
19 134
19 136
19 146
20 58
20 71
20 85
21 54
21 63
21 89
21 92
21 97
21 98
21 114
21 121
21 123
21 137
21 140
21 162
21 179
21 181
21 182
21 190
21 195
22 143
22 191
22 199
23 61
23 68
23 106
23 133
24 67
24 68
24 76
24 118
24 139
24 175
25 31
25 32
25 55
25 79
25 93
25 101
25 106
25 125
25 167
25 192
26 38
26 45
26 56
26 86
26 131
26 136
26 154
26 170
26 171
26 189
27 27
27 40
27 47
27 92
27 141
27 142
27 149
27 166
28 28
28 68
28 80
28 89
28 116
28 133
28 139
28 175
29 29
29 72
29 151
29 161
30 31
30 32
30 55
30 59
30 66
30 77
30 91
30 101
30 109
30 164
30 167
31 32
31 55
31 77
31 79
31 109
31 172
32 66
32 90
32 192
33 39
33 62
33 75
33 130
33 173
33 191
34 35
34 41
34 99
34 118
34 122
34 186
35 116
35 122
35 160
36 36
36 55
36 77
36 79
36 143
36 167
36 192
37 72
37 82
37 84
37 112
37 150
37 151
37 169
38 56
38 70
38 104
38 108
38 124
38 187
38 189
39 57
39 134
39 136
40 40
40 43
40 47
40 50
40 51
40 94
40 96
40 115
40 127
40 142
40 149
40 158
40 166
40 180
40 192
40 194
41 48
41 53
41 118
41 122
41 129
41 148
41 160
41 186
42 42
42 72
42 81
42 113
42 151
43 51
43 108
43 115
43 141
43 158
43 159
43 166
44 67
44 68
44 80
44 133
45 56
45 76
45 86
45 102
45 104
45 108
45 135
45 154
45 170
45 189
46 63
46 105
46 120
46 138
46 143
46 159
46 172
46 183
47 51
47 92
47 96
47 131
47 149
47 158
48 87
48 118
48 122
48 132
48 148
49 120
49 159
49 172
50 127
50 142
51 166
51 180
51 194
52 58
52 126
52 185
53 89
53 97
53 140
53 162
53 171
53 182
54 140
54 156
54 162
54 181
55 59
55 77
55 79
55 90
55 101
55 109
55 125
55 167
55 192
56 68
56 70
56 86
56 102
56 104
56 108
56 124
56 128
56 131
56 135
56 154
56 163
56 170
56 171
56 178
56 187
56 189
57 60
57 134
57 146
57 191
60 146
60 155
60 193
61 83
61 128
61 139
61 175
62 75
62 191
62 193
63 73
63 95
63 143
63 177
63 198
63 199
64 143
64 159
64 172
65 71
65 85
65 185
66 77
66 85
66 164
67 68
67 80
67 106
67 116
67 133
67 175
68 76
68 80
68 106
68 110
68 116
68 128
68 139
68 175
68 184
69 196
69 197
70 108
70 131
70 154
72 72
72 74
72 81
72 88
72 111
72 113
72 119
72 150
72 161
72 166
73 105
73 143
73 159
73 165
73 172
73 177
74 81
74 151
74 153
75 136
75 146
75 152
75 155
76 80
77 164
77 167
78 78
78 87
78 132
78 148
78 157
79 135
79 192
80 80
80 106
80 110
80 116
80 128
81 153
81 169
81 188
82 161
82 169
83 106
83 153
83 175
84 117
84 122
84 153
84 169
84 188
85 103
86 108
86 163
86 180
86 189
87 117
87 118
87 122
87 173
87 176
88 150
88 169
89 114
89 123
89 156
89 162
89 179
89 190
90 109
91 93
91 109
91 164
91 167
92 141
92 166
93 125
94 149
94 158
95 105
95 138
95 143
95 172
96 142
96 149
96 166
97 140
97 190
98 137
98 140
98 156
98 182
99 117
99 122
99 129
99 160
100 140
100 165
101 109
101 125
102 108
102 135
102 154
102 171
103 165
104 170
104 171
105 138
105 145
105 159
105 172
105 177
105 199
106 110
107 165
107 196
108 135
108 170
109 109
109 164
110 139
111 113
111 153
112 150
112 151
113 151
114 140
114 162
114 182
115 127
115 166
115 180
116 116
116 184
117 117
117 118
117 122
117 160
117 186
118 129
118 157
118 176
118 186
119 169
119 188
120 143
120 172
121 140
121 144
122 129
122 148
122 157
122 160
122 173
122 176
123 162
124 154
126 196
127 149
127 166
129 148
129 160
129 173
130 130
130 136
130 145
130 146
130 160
130 191
130 193
131 154
131 170
131 171
131 178
132 134
132 173
132 176
133 175
133 184
133 196
134 134
134 136
134 145
134 146
134 147
134 152
134 155
134 174
134 191
134 193
135 135
135 171
135 187
135 189
136 147
136 174
136 191
136 193
137 140
137 181
138 154
138 159
138 172
138 198
139 170
140 144
140 156
140 162
140 179
140 181
140 190
141 142
141 149
141 166
141 168
142 158
143 143
143 159
143 172
143 177
143 183
143 198
144 156
144 181
144 190
145 193
147 174
147 191
147 193
149 149
149 166
149 168
149 178
149 180
150 150
150 161
151 153
151 169
152 174
153 153
153 188
154 154
154 163
154 170
154 189
155 174
156 179
156 182
156 190
157 173
157 186
158 166
158 194
159 177
159 183
159 198
159 199
161 169
162 162
162 181
163 163
163 171
164 192
165 185
166 168
166 180
166 184
166 194
168 168
170 171
170 178
170 187
170 189
171 171
171 189
172 172
172 177
172 183
173 173
173 176
174 191
175 184
177 199
178 189
181 195
182 195
188 188
189 189
190 195
191 191
191 193
196 197
197 197