0 25
0 29
0 31
0 77
0 80
0 91
0 113
0 191
1 15
1 41
1 57
1 79
1 122
1 140
1 152
1 178
2 12
2 64
2 83
2 95
2 138
2 143
2 145
2 166
2 172
2 193
3 20
3 54
3 103
3 107
3 177
3 189
3 195
3 196
4 12
4 34
4 64
4 69
4 106
4 143
4 159
4 170
4 184
5 11
5 13
5 17
5 34
5 43
5 51
5 56
5 58
5 80
5 126
5 130
5 173
5 185
6 13
6 16
6 37
6 55
6 65
6 130
6 151
6 196
7 43
7 76
7 116
7 166
8 53
8 87
8 111
8 117
8 122
8 158
9 12
9 27
9 69
9 83
9 135
10 27
10 55
10 56
10 72
10 156
10 171
10 191
11 19
11 26
11 62
11 75
11 115
11 147
12 22
12 33
12 110
12 143
12 159
12 172
12 195
13 13
13 17
13 20
13 22
13 26
13 54
13 71
13 76
13 85
13 100
13 103
13 111
13 119
13 157
13 169
13 185
13 197
14 14
14 33
14 54
14 61
14 63
14 97
14 117
14 134
14 179
15 34
15 47
15 50
15 51
15 146
15 163
15 166
15 195
16 16
16 21
16 53
16 54
16 98
16 100
16 102
16 105
16 113
16 118
16 144
16 150
16 156
16 181
17 76
17 78
17 171
17 185
18 23
18 55
18 109
18 135
18 149
18 171
19 57
19 130
19 134
20 27
20 43
20 194
21 42
21 53
21 68
21 81
21 89
21 101
21 103
21 121
21 137
21 140
21 144
21 147
21 150
21 194
21 195
22 46
22 128
22 137
22 143
23 45
23 68
23 80
23 143
23 191
24 42
24 70
24 139
25 25
25 30
25 50
25 106
25 109
25 120
25 168
25 177
26 131
26 143
26 160
26 171
27 40
27 109
27 149
27 166
27 168
27 196
28 31
28 56
28 74
28 139
28 188
29 72
29 131
29 153
29 162
29 191
30 32
30 36
30 42
30 60
30 159
30 164
30 174
31 63
31 88
31 101
31 125
31 139
31 157
31 167
31 176
31 184
32 74
32 75
32 79
32 161
32 172
33 75
33 130
33 164
33 191
33 198
34 55
35 52
35 102
35 116
35 117
35 126
35 160
36 86
36 88
36 90
36 109
36 118
36 162
36 175
36 192
37 79
37 81
37 89
37 151
37 188
37 189
38 38
38 48
38 59
38 62
38 105
38 107
38 122
38 135
38 154
38 170
38 189
39 63
39 134
39 136
39 190
40 43
40 57
40 68
40 71
40 76
40 92
40 96
40 107
40 125
40 134
40 141
40 142
40 149
40 166
40 168
40 173
40 194
41 53
41 61
41 117
41 125
41 129
41 130
41 148
41 171
41 186
42 45
42 173
42 191
43 166
43 172
43 189
44 72
44 78
44 80
44 116
44 128
45 86
45 104
45 117
45 124
45 135
45 149
45 154
45 199
46 47
46 58
46 63
46 95
46 159
46 170
47 66
47 78
47 127
47 141
47 147
47 165
47 174
47 180
48 74
48 117
48 122
48 154
48 160
49 56
49 57
49 63
49 91
49 159
49 172
49 183
50 77
50 114
50 173
51 63
51 96
51 136
51 141
51 168
51 174
52 85
52 161
52 162
53 67
53 89
53 93
53 122
53 143
53 172
53 181
54 112
54 140
54 182
55 59
55 66
55 77
55 79
55 101
55 107
55 109
55 114
55 125
55 150
55 164
55 167
56 56
56 62
56 70
56 104
56 130
56 134
56 135
56 143
56 162
56 171
56 178
56 181
56 187
57 68
57 100
57 146
57 191
58 59
58 69
58 182
58 196
59 85
59 90
59 109
59 131
59 150
60 75
60 90
60 122
60 127
60 140
60 155
60 174
60 193
61 116
61 138
61 139
61 143
61 184
62 107
62 108
62 117
62 144
62 156
62 191
62 193
63 73
63 159
63 198
64 121
64 143
65 96
65 117
65 126
66 80
66 122
66 129
66 151
66 164
66 192
67 67
67 130
67 134
67 163
67 167
68 72
68 76
68 80
68 104
68 127
68 128
68 133
68 136
68 139
68 165
68 168
68 184
68 191
69 72
69 85
69 106
69 124
69 165
69 197
70 138
70 154
71 102
72 84
72 111
72 112
72 119
72 122
72 142
72 150
72 153
72 161
72 183
73 143
73 153
73 172
74 122
74 135
74 166
75 80
75 191
76 80
77 82
77 107
77 108
77 121
77 192
77 199
78 119
78 151
78 176
79 124
79 172
80 106
80 110
80 117
80 133
80 157
81 93
81 94
81 151
81 188
81 192
82 153
82 181
82 192
82 193
83 151
83 159
84 88
84 98
84 130
84 153
84 179
84 188
85 87
85 143
85 165
85 170
85 187
85 196
86 89
86 106
86 116
86 133
86 135
86 140
86 154
86 170
87 117
87 130
87 135
87 145
87 163
87 190
89 90
89 98
89 105
89 114
89 144
89 156
89 194
90 120
91 192
92 110
92 158
92 166
92 181
93 125
93 161
93 169
94 142
94 166
94 176
95 138
95 143
95 159
96 115
96 159
96 166
97 140
97 162
98 140
98 156
98 162
98 172
98 182
98 189
99 113
99 118
99 134
99 140
99 173
100 165
101 134
102 108
102 175
102 177
102 183
102 191
103 165
104 108
104 118
105 106
105 111
105 143
105 145
105 159
105 172
105 182
105 189
105 196
106 110
106 116
107 122
107 153
108 122
108 130
108 170
108 189
108 195
109 116
109 142
109 167
110 139
110 167
111 190
112 117
113 119
114 140
114 190
115 142
115 149
115 166
115 172
116 144
117 122
118 118
118 122
118 176
118 190
118 197
120 147
120 172
120 186
121 135
121 140
122 129
122 141
122 157
122 173
122 176
123 136
123 162
123 189
123 190
124 131
124 135
124 152
124 154
124 163
125 165
126 134
126 165
127 158
127 171
127 172
128 162
128 175
129 160
129 165
129 186
130 130
130 143
130 152
130 193
131 155
131 171
131 197
132 133
132 136
132 157
132 179
134 134
134 136
134 145
134 146
134 152
134 155
134 177
134 186
134 192
134 193
134 196
135 178
136 136
136 146
136 174
136 175
136 191
137 162
137 176
137 181
137 190
138 146
139 140
139 148
140 156
140 162
140 167
140 170
140 181
140 190
141 144
141 180
142 146
142 149
142 162
142 166
143 159
143 162
143 172
143 196
144 166
144 181
144 182
145 147
145 155
145 166
145 171
146 154
146 179
147 153
147 168
148 154
148 173
148 176
149 149
149 171
149 180
151 151
152 159
153 164
153 168
153 188
154 179
154 187
154 189
154 192
155 174
155 197
156 158
156 170
156 182
157 173
159 159
159 172
159 177
159 183
159 191
160 182
162 179
162 195
163 180
163 184
164 173
164 199
165 197
166 169
166 173
166 194
168 180
169 170
169 171
170 187
170 189
171 178
172 185
173 176
173 191
173 196
175 182
175 183
175 199
178 189
179 192
180 190
182 199
183 198
185 188
186 190
189 189
191 191
191 199
196 197
196 198