0 25
0 30
0 59
0 77
0 91
0 106
0 191
0 195
1 34
1 66
1 110
1 122
1 140
1 155
1 165
1 173
2 12
2 64
2 83
2 95
2 138
2 143
2 145
2 168
2 172
2 193
3 5
3 46
3 65
3 103
3 139
3 165
3 189
3 191
4 34
4 51
4 80
4 103
4 109
4 143
4 159
4 184
5 5
5 11
5 13
5 41
5 56
5 136
5 145
5 185
6 16
6 36
6 76
6 126
6 130
6 165
6 196
7 27
7 28
7 83
7 116
7 168
8 12
8 15
8 41
8 79
8 117
8 122
8 152
8 158
8 186
9 12
9 44
9 56
9 135
9 194
10 56
10 59
10 72
10 147
10 171
10 191
11 19
11 62
11 75
11 102
11 130
11 156
12 22
12 33
12 110
12 115
12 143
12 159
12 172
13 14
13 16
13 17
13 20
13 25
13 34
13 65
13 71
13 76
13 85
13 100
13 107
13 131
13 139
13 157
13 165
13 185
13 196
13 197
14 14
14 21
14 61
14 64
14 89
14 117
14 134
14 136
14 182
15 34
15 47
15 51
15 141
15 146
15 163
16 16
16 21
16 88
16 97
16 98
16 102
16 105
16 144
16 150
16 156
16 174
16 181
16 182
16 190
17 26
17 71
17 111
17 165
17 171
18 55
18 109
18 119
18 135
18 149
18 171
19 130
19 134
20 22
20 27
20 47
20 111
21 42
21 53
21 68
21 89
21 103
21 107
21 121
21 137
21 140
21 144
21 147
21 150
21 166
21 170
21 194
22 32
22 46
22 143
23 28
23 31
23 45
23 68
23 80
23 143
23 188
24 140
24 171
24 189
25 25
25 32
25 42
25 52
25 109
25 164
26 48
26 131
26 143
26 171
27 30
27 40
27 56
27 109
27 149
27 166
27 167
28 56
28 74
28 193
29 72
29 74
29 96
29 114
29 162
29 174
29 188
30 32
30 70
30 101
30 136
30 159
30 167
30 184
30 194
31 31
31 35
31 66
31 125
31 184
31 193
31 198
32 36
32 75
32 169
32 172
33 75
33 130
33 150
33 191
34 55
34 140
34 173
35 102
35 116
35 117
35 122
35 196
36 81
36 86
36 90
36 93
36 109
36 118
36 162
36 175
36 192
37 84
37 100
37 151
37 166
37 188
37 190
38 41
38 48
38 101
38 105
38 107
38 122
38 135
38 154
38 163
38 170
38 189
38 190
39 134
39 136
39 166
39 190
39 198
40 47
40 71
40 76
40 77
40 92
40 96
40 125
40 127
40 134
40 141
40 142
40 149
40 164
40 166
40 168
40 180
40 194
41 87
41 111
41 117
41 130
41 132
41 160
41 161
42 45
42 176
43 51
43 76
43 133
43 166
43 168
43 172
44 72
44 78
44 80
44 106
44 116
45 86
45 104
45 124
45 135
45 149
45 154
45 195
45 199
46 63
46 95
46 159
46 172
46 175
47 116
47 156
47 158
47 168
47 180
47 196
48 63
48 78
48 129
48 137
48 139
49 56
49 57
49 159
49 172
49 183
50 66
50 77
50 104
50 149
51 114
51 115
51 149
51 199
52 158
52 162
52 194
52 197
53 54
53 89
53 122
53 148
53 172
53 180
53 181
53 183
53 186
54 78
54 111
54 114
54 140
54 153
54 190
55 55
55 77
55 79
55 88
55 89
55 101
55 107
55 109
55 125
55 150
55 151
55 164
55 167
55 187
56 56
56 62
56 70
56 104
56 134
56 135
56 143
56 162
56 171
56 178
56 181
56 187
57 68
57 146
57 147
57 152
57 191
58 69
58 85
58 100
58 106
58 192
59 109
59 129
59 131
59 163
59 164
60 75
60 90
60 122
60 127
60 155
60 174
60 193
61 106
61 138
61 139
61 143
62 107
62 108
62 117
62 163
62 191
62 193
63 63
63 73
63 83
63 168
63 177
63 198
64 105
64 140
64 143
65 117
65 125
66 66
66 82
66 122
66 151
67 67
67 130
67 134
67 137
67 175
67 182
68 68
68 72
68 76
68 109
68 114
68 128
68 133
68 136
68 139
68 168
68 182
68 184
69 69
69 72
69 85
69 134
69 196
69 197
70 138
70 154
72 84
72 111
72 112
72 119
72 122
72 142
72 150
72 153
72 161
73 143
73 153
73 172
74 81
74 122
74 192
75 191
76 80
76 133
76 165
77 82
77 89
77 107
77 108
77 192
78 141
78 165
79 156
79 164
79 172
80 80
80 86
80 110
80 116
80 128
80 153
80 175
81 98
81 113
81 150
81 151
81 189
82 141
82 153
82 181
82 193
83 151
83 159
83 160
83 181
84 130
84 153
84 159
84 179
85 100
85 118
85 155
85 165
85 170
85 183
85 191
85 196
86 89
86 133
86 140
86 154
86 170
86 171
87 87
87 119
87 135
87 139
87 148
87 173
88 173
89 98
89 162
89 173
89 182
89 195
90 105
90 192
91 91
92 158
92 164
92 166
92 184
93 125
93 169
94 141
94 168
94 174
94 186
95 138
95 143
95 144
95 159
95 175
95 190
96 115
96 141
96 159
96 166
96 197
97 124
97 140
98 140
98 156
98 162
98 172
98 182
98 189
99 112
99 117
99 118
99 134
99 140
99 145
100 172
101 134
101 191
102 108
102 118
102 161
102 177
104 108
104 118
105 106
105 143
105 145
105 159
105 172
105 177
105 183
105 199
106 177
106 178
106 188
107 122
107 152
108 122
108 130
108 170
108 171
108 189
109 116
109 167
109 192
110 115
110 167
111 157
112 117
113 123
113 153
113 182
114 140
114 195
115 142
115 166
116 144
116 184
117 122
117 129
118 118
118 122
118 132
118 190
120 138
120 172
120 177
120 180
120 189
121 140
121 181
122 129
122 141
122 157
122 173
122 176
123 136
123 162
123 189
123 192
123 196
124 126
124 131
124 135
124 163
124 170
124 197
126 134
126 197
127 135
127 166
127 172
127 192
128 132
128 162
129 173
129 176
129 187
130 130
130 143
130 193
131 153
131 155
131 171
132 136
132 178
134 134
134 136
134 145
134 146
134 152
134 155
134 174
134 177
134 186
134 192
134 193
135 173
135 174
135 178
136 136
136 146
136 166
136 174
136 175
136 191
137 144
137 162
137 166
137 181
138 146
139 148
139 151
140 156
140 162
140 167
140 179
140 185
140 190
141 180
142 146
142 158
142 162
142 166
143 159
143 162
143 172
143 183
143 196
144 166
144 179
144 182
144 190
145 147
145 155
145 166
146 154
146 176
147 168
147 191
148 157
148 176
149 149
149 171
149 180
151 151
151 188
152 159
153 164
153 188
153 191
154 155
154 179
154 187
154 189
154 192
155 158
156 190
157 176
159 159
159 172
159 177
160 173
160 176
160 197
161 196
162 179
162 195
163 170
163 189
164 176
164 198
165 185
165 194
166 168
166 173
166 194
169 170
170 189
170 192
171 178
171 199
172 195
173 177
173 191
173 199
175 183
175 199
177 186
178 189
185 196
188 199
189 189
191 191