0 31
0 66
0 77
0 101
0 125
0 164
0 167
0 191
0 193
1 36
1 41
1 99
1 117
1 118
1 122
1 129
1 132
1 148
1 186
2 2
2 9
2 12
2 22
2 49
2 63
2 73
2 105
2 143
2 159
2 198
3 5
3 13
3 16
3 17
3 20
3 100
3 103
3 153
3 196
4 63
4 64
4 138
4 143
4 172
5 12
5 13
5 58
5 69
5 71
5 111
5 126
5 165
5 185
6 6
6 58
6 103
6 122
6 126
6 185
7 24
7 61
7 68
7 80
7 128
7 139
7 184
8 109
8 118
8 122
8 129
8 148
8 157
8 173
9 44
9 67
9 68
9 83
9 176
9 190
10 72
10 84
10 119
10 150
10 153
10 164
11 14
11 62
11 75
11 130
11 134
11 135
11 136
11 191
12 22
12 46
12 63
12 105
12 120
12 159
12 172
12 177
12 198
13 13
13 17
13 20
13 26
13 52
13 58
13 65
13 69
13 71
13 85
13 100
13 103
13 107
13 126
13 165
13 185
13 196
13 197
14 33
14 54
14 134
14 155
14 166
14 174
15 27
15 43
15 92
15 115
15 136
15 142
15 146
15 149
15 166
16 16
16 21
16 53
16 79
16 89
16 98
16 121
16 137
16 140
16 144
16 156
16 162
16 190
16 195
17 20
17 85
17 161
17 165
17 196
18 26
18 55
18 56
18 102
18 163
18 170
18 171
18 187
18 189
19 62
19 130
19 134
19 136
19 152
20 58
20 65
20 69
20 125
20 196
21 54
21 89
21 97
21 98
21 114
21 123
21 137
21 140
21 144
21 146
21 162
21 166
21 179
21 182
21 195
22 105
22 143
22 172
23 44
23 80
23 83
23 139
23 170
24 61
24 68
24 80
24 83
25 27
25 32
25 55
25 59
25 66
25 77
25 79
25 85
25 90
25 109
25 149
26 45
26 56
26 86
26 108
26 163
26 170
26 178
27 47
27 50
27 96
27 127
27 141
27 158
27 166
27 168
28 68
28 83
28 106
28 116
28 139
28 175
28 184
28 188
29 37
29 72
29 102
29 150
29 188
30 31
30 55
30 79
30 101
30 109
30 125
30 164
30 167
30 178
31 55
31 93
31 101
31 109
31 143
32 66
32 77
32 93
32 150
32 164
32 167
33 39
33 56
33 75
33 130
33 191
34 41
34 122
34 148
34 160
34 173
34 176
35 122
35 129
35 160
36 40
36 55
36 66
36 82
36 90
36 91
36 109
36 135
37 42
37 48
37 72
37 111
37 151
37 153
37 188
38 45
38 56
38 102
38 108
38 131
38 170
38 173
38 174
38 181
38 189
39 134
39 136
39 174
40 40
40 43
40 47
40 50
40 51
40 71
40 96
40 115
40 127
40 141
40 142
40 149
40 158
40 166
40 168
40 180
41 48
41 74
41 87
41 122
41 132
41 160
41 173
42 56
42 81
42 153
43 72
43 149
43 166
44 67
44 68
44 76
44 80
44 139
45 56
45 104
45 135
45 151
45 154
45 163
45 170
46 46
46 87
46 105
46 143
46 159
47 47
47 94
47 134
47 158
47 166
48 81
48 122
48 129
48 132
48 173
48 176
49 143
49 159
49 172
50 50
50 159
51 63
51 94
51 115
51 142
51 192
51 194
52 89
52 107
52 165
52 182
53 140
53 156
53 162
53 182
54 140
54 156
54 181
55 55
55 59
55 79
55 90
55 91
55 125
55 142
55 154
55 167
55 192
56 70
56 104
56 108
56 124
56 131
56 135
56 154
56 170
56 171
56 178
56 187
56 189
57 60
57 62
57 134
57 136
57 146
57 147
57 152
57 191
58 85
58 197
59 79
60 75
60 90
60 146
60 155
60 174
60 193
61 67
61 80
61 106
61 175
62 191
62 193
63 68
63 73
63 95
63 159
63 172
63 177
63 198
64 105
64 138
64 143
64 198
65 165
65 177
66 93
67 80
67 83
67 116
67 163
67 184
68 76
68 80
68 83
68 87
68 106
68 110
68 128
68 133
68 171
68 175
69 103
69 140
69 145
70 163
70 170
70 171
71 196
72 74
72 82
72 88
72 111
72 113
72 114
72 150
72 151
72 169
72 188
73 105
73 159
73 183
74 81
74 113
74 188
75 139
75 191
75 193
76 86
76 116
76 133
77 77
77 168
77 192
78 84
78 118
78 122
78 129
78 166
78 173
79 85
79 91
79 164
80 106
80 139
80 149
80 175
80 184
81 111
81 112
81 153
81 163
81 169
82 113
82 153
83 156
84 112
84 150
84 161
84 188
85 100
85 126
85 185
85 197
86 104
86 108
86 135
86 154
86 170
86 171
87 87
87 117
87 122
87 160
87 173
88 150
88 188
89 97
89 140
89 144
89 156
89 162
89 190
89 195
90 106
91 109
92 142
92 158
92 166
92 176
94 166
95 138
95 172
96 108
96 141
96 149
97 140
97 190
98 115
98 140
98 162
98 182
99 132
99 173
100 118
100 165
101 164
102 136
102 154
102 171
102 189
103 197
104 154
104 171
104 189
105 120
105 131
105 143
105 175
105 177
105 199
106 106
106 175
107 176
107 196
108 124
108 131
108 154
108 178
109 125
109 167
109 192
110 133
110 159
110 184
111 151
112 153
113 151
114 123
114 140
114 162
114 168
114 182
115 149
115 166
116 116
116 133
116 184
116 197
117 118
117 122
117 129
117 132
117 148
117 157
117 173
117 176
117 199
118 122
118 132
118 157
118 173
118 176
119 153
119 197
120 122
120 143
120 159
121 140
121 156
122 129
122 134
122 143
122 160
122 173
123 179
124 170
124 171
127 141
127 166
128 139
128 175
130 130
130 136
130 145
130 147
130 160
130 189
130 191
130 193
131 135
131 171
131 178
131 189
132 176
133 139
133 143
134 134
134 136
134 145
134 146
134 147
134 152
134 155
134 190
134 191
134 193
135 154
135 163
135 170
135 187
135 189
136 146
136 155
136 174
136 191
137 140
137 144
137 181
137 190
137 196
138 143
138 159
138 160
138 172
138 198
140 144
140 156
140 162
140 179
140 181
140 187
140 190
141 149
141 194
142 158
142 194
143 143
143 159
143 166
143 172
143 183
143 199
144 162
144 181
145 147
145 193
146 192
147 191
148 157
148 173
149 166
149 168
149 172
149 180
151 152
151 153
151 169
153 161
153 162
153 169
153 188
154 170
154 171
154 175
154 178
154 187
156 179
156 182
158 166
158 194
159 172
159 177
159 183
159 199
160 173
160 176
160 186
162 179
162 181
162 190
163 171
163 189
165 165
165 177
165 197
166 168
166 180
167 192
170 187
170 189
171 171
172 172
172 177
172 183
172 197
172 198
172 199
173 186
176 186
181 195
182 190
182 195
183 183
185 196
186 199
188 196
189 189
191 191
192 192
196 197