0 25
0 32
0 36
0 55
0 109
0 164
0 167
0 174
1 5
1 34
1 78
1 99
1 105
1 118
1 148
1 157
1 160
1 173
1 176
2 4
2 12
2 46
2 49
2 51
2 73
2 105
2 143
2 159
2 172
3 17
3 51
3 58
3 100
3 126
3 170
3 185
4 52
4 89
4 199
5 10
5 13
5 17
5 20
5 65
5 66
5 100
5 107
5 136
5 172
5 196
6 13
6 20
6 34
6 71
6 85
6 103
6 197
7 28
7 48
7 116
7 159
7 166
8 8
8 29
8 117
8 125
8 153
8 173
9 28
9 67
9 68
9 80
9 83
9 154
9 159
9 175
10 37
10 72
10 84
10 99
10 150
10 151
11 14
11 33
11 60
11 61
11 62
11 130
11 136
12 26
12 33
12 64
12 74
12 105
12 143
12 159
12 183
12 188
13 13
13 17
13 20
13 52
13 58
13 69
13 71
13 85
13 96
13 100
13 103
13 124
13 126
13 152
13 160
13 165
13 185
14 15
14 57
14 60
14 134
14 136
14 162
14 190
15 15
15 40
15 149
15 158
15 166
15 168
16 16
16 21
16 53
16 89
16 98
16 101
16 121
16 135
16 137
16 144
16 156
16 162
16 190
16 195
17 58
17 105
18 45
18 56
18 77
18 108
18 128
18 131
18 135
18 142
18 143
18 154
18 189
19 130
19 134
19 136
19 146
20 134
20 144
20 197
21 40
21 52
21 97
21 98
21 114
21 123
21 128
21 137
21 140
21 158
21 162
21 179
21 182
21 190
21 195
22 22
22 143
22 151
22 159
22 172
23 42
23 56
23 63
23 78
23 80
23 116
24 68
24 135
24 139
24 170
25 31
25 40
25 55
25 66
25 77
25 79
25 101
25 125
25 141
25 161
25 186
26 45
26 56
26 86
26 131
26 171
26 187
27 27
27 40
27 43
27 92
27 136
27 141
27 142
28 38
28 39
28 40
28 184
29 72
29 74
29 82
29 112
29 151
29 153
29 188
30 32
30 55
30 59
30 66
30 90
30 162
30 192
31 31
31 77
31 79
31 140
32 55
32 87
32 158
32 167
33 62
33 75
33 130
33 153
33 191
34 109
34 117
34 122
34 167
34 173
35 41
35 87
35 119
35 173
36 59
36 66
36 77
36 108
36 150
36 164
36 192
37 42
37 72
37 84
37 95
37 111
37 113
37 140
37 161
37 169
38 38
38 45
38 56
38 78
38 85
38 131
38 135
38 138
38 143
38 170
39 134
39 136
40 40
40 43
40 51
40 78
40 92
40 94
40 115
40 127
40 142
40 158
40 168
40 180
40 194
41 51
41 65
41 73
41 87
41 99
41 117
41 118
41 130
41 134
41 173
42 153
43 123
43 166
44 63
44 80
44 116
44 139
44 175
44 189
45 56
45 70
45 81
45 107
45 171
45 178
45 182
46 63
46 67
46 105
46 120
46 143
46 172
46 199
47 63
47 81
47 96
47 141
47 142
47 166
47 168
47 180
47 194
48 67
48 118
48 122
48 173
48 176
49 63
49 105
49 146
49 159
50 59
50 96
50 115
50 139
50 142
51 62
51 64
51 115
51 142
51 149
52 85
52 196
53 74
53 139
53 140
53 166
53 181
53 182
53 190
53 194
54 115
54 128
54 140
54 156
54 160
54 162
54 182
55 55
55 66
55 79
55 82
55 90
55 91
55 107
55 109
55 190
55 192
56 56
56 70
56 86
56 102
56 108
56 124
56 135
56 154
56 156
56 171
56 187
56 189
56 191
57 60
57 134
57 136
57 146
57 191
58 102
58 196
58 197
59 65
59 77
60 107
60 146
60 155
60 193
61 68
61 120
61 184
62 191
62 193
63 105
63 138
63 143
63 159
63 183
64 138
64 172
65 85
65 103
65 110
65 175
65 196
67 68
67 76
67 137
67 139
67 179
68 68
68 73
68 76
68 80
68 83
68 106
68 128
68 133
68 139
68 162
68 175
68 189
68 197
69 88
69 140
69 152
69 165
69 196
70 108
70 154
70 163
70 189
71 147
71 165
72 72
72 81
72 88
72 111
72 112
72 113
72 119
72 127
72 153
72 188
72 199
73 143
73 159
74 81
75 116
75 134
75 135
75 152
76 106
76 175
76 185
77 90
77 109
77 167
78 118
78 171
78 173
79 93
80 80
80 83
80 116
80 122
80 128
80 139
80 175
81 161
81 188
81 195
82 151
82 153
82 193
83 116
83 187
84 112
84 161
84 169
84 175
85 88
85 122
85 126
85 161
85 165
85 197
86 104
86 135
86 151
86 170
86 171
86 183
86 189
87 117
87 118
87 122
87 145
87 160
87 186
89 89
89 97
89 106
89 120
89 140
89 144
89 162
89 177
89 182
91 142
91 192
92 122
92 149
92 154
92 156
92 168
93 144
93 192
94 96
94 163
95 143
95 172
96 149
96 158
96 166
96 171
97 140
98 106
98 140
98 162
99 152
100 154
100 165
101 164
101 191
102 113
102 170
102 171
102 189
104 118
104 154
104 171
104 189
105 143
105 172
105 177
105 183
105 185
106 110
106 128
106 139
106 175
108 130
108 135
108 159
108 170
108 187
109 109
109 163
109 164
109 192
110 175
111 181
111 188
111 197
112 118
112 151
112 153
112 188
113 188
114 119
114 140
114 181
114 182
115 149
115 166
116 132
116 133
117 122
117 127
117 132
117 154
117 160
117 172
117 173
118 122
118 132
118 160
118 173
120 172
120 177
121 140
121 156
122 122
122 132
122 148
122 157
122 160
122 173
122 186
122 192
123 149
123 181
124 154
124 185
125 129
125 192
126 197
127 149
127 166
127 195
129 129
129 186
130 130
130 145
130 146
130 191
130 193
131 131
131 169
131 189
132 157
132 176
133 160
133 173
133 198
134 134
134 145
134 146
134 147
134 152
134 155
134 177
134 190
134 191
134 193
135 135
135 154
135 171
135 199
136 147
136 155
136 174
136 191
137 140
137 144
137 163
137 181
138 143
138 159
138 172
138 177
139 184
140 143
140 156
140 162
140 179
140 181
140 182
140 187
140 190
141 157
141 166
141 180
142 149
143 159
143 172
143 183
143 191
143 198
143 199
144 156
144 162
144 182
145 150
147 191
147 193
148 176
148 177
149 166
149 168
149 194
150 151
150 172
151 153
153 161
153 169
153 188
154 163
154 171
154 178
155 165
155 174
157 186
159 177
159 183
159 198
162 164
162 179
162 181
162 190
163 170
163 189
164 167
165 165
165 173
165 196
165 197
166 166
166 168
166 174
166 178
166 180
167 184
168 185
169 188
169 192
170 171
170 178
170 187
170 189
171 187
171 189
172 172
172 177
172 198
173 186
173 191
176 176
176 186
178 196
185 196
190 195
191 191
191 193