0 25
0 32
0 36
0 55
0 64
0 109
0 164
0 167
0 174
1 48
1 116
1 117
1 118
1 129
1 148
1 157
1 160
1 173
1 176
2 22
2 40
2 63
2 105
2 138
2 143
2 159
2 172
2 177
2 195
2 199
3 16
3 17
3 51
3 52
3 58
3 100
3 126
3 170
3 185
4 40
4 47
4 95
4 143
4 159
5 10
5 13
5 17
5 20
5 65
5 66
5 100
5 107
5 136
5 163
5 196
6 13
6 20
6 25
6 40
6 71
6 85
6 88
6 103
6 197
7 7
7 68
7 172
7 175
8 41
8 54
8 117
8 132
8 166
9 23
9 24
9 68
9 80
9 83
9 89
9 106
9 166
9 172
10 21
10 74
10 153
10 188
11 14
11 33
11 47
11 60
11 61
11 62
11 130
11 136
12 33
12 46
12 48
12 56
12 63
12 73
12 143
12 159
12 168
12 172
12 198
13 13
13 17
13 20
13 52
13 58
13 69
13 71
13 85
13 96
13 100
13 103
13 124
13 126
13 152
13 160
13 165
13 185
14 15
14 57
14 60
14 134
14 136
14 162
15 15
15 27
15 40
15 121
15 141
15 142
15 168
16 16
16 53
16 89
16 95
16 98
16 107
16 121
16 137
16 144
16 162
16 190
16 195
17 58
17 105
18 56
18 124
18 131
18 135
18 154
18 175
18 189
19 130
19 134
19 136
19 146
20 134
20 144
20 197
21 29
21 46
21 87
21 89
21 98
21 121
21 123
21 128
21 137
21 140
21 142
21 150
21 156
21 179
21 182
21 190
21 195
22 63
22 138
22 159
22 172
22 177
22 180
23 68
23 120
23 189
23 190
24 68
24 80
24 135
24 170
25 31
25 55
25 66
25 79
25 101
25 109
25 125
25 161
25 176
25 192
26 56
26 70
26 72
26 135
26 137
26 171
26 189
27 27
27 92
27 96
27 142
27 144
28 38
28 39
28 44
28 67
28 68
28 76
28 139
28 175
28 185
29 70
29 72
29 112
29 151
29 169
30 32
30 55
30 59
30 66
30 77
30 90
30 142
30 162
30 192
31 31
31 71
31 77
31 79
31 140
32 55
32 109
32 158
32 167
33 62
33 75
33 130
33 161
33 191
34 72
34 87
34 122
34 129
34 145
34 153
34 167
35 35
35 99
35 128
36 66
36 150
36 164
36 167
36 192
37 54
37 72
37 82
37 84
37 108
37 140
37 151
37 195
38 38
38 48
38 56
38 85
38 135
38 143
38 166
38 170
38 182
38 189
39 134
39 136
40 40
40 43
40 51
40 92
40 94
40 96
40 115
40 127
40 149
40 158
40 168
40 180
40 184
40 194
41 41
41 62
41 65
41 122
41 130
41 134
41 148
42 82
42 137
42 151
43 59
43 123
44 76
44 116
44 128
44 190
45 45
45 56
45 78
45 86
45 96
45 102
45 135
45 170
45 171
46 63
46 64
46 105
46 120
46 143
46 159
46 172
47 47
47 96
47 133
47 142
47 166
47 171
47 180
48 117
48 118
48 122
48 173
49 59
49 105
49 138
49 143
49 146
49 147
50 55
50 67
50 96
50 115
50 149
50 172
51 62
51 115
51 136
51 142
51 158
52 65
52 85
52 124
52 196
53 72
53 95
53 140
53 162
53 181
54 140
54 156
54 162
54 182
55 55
55 66
55 79
55 82
55 90
55 91
55 107
55 109
55 192
56 56
56 70
56 79
56 102
56 108
56 131
56 154
56 171
56 178
56 187
56 189
56 193
57 60
57 134
57 136
57 146
57 191
58 143
58 197
59 91
60 107
60 146
60 155
60 193
61 106
61 139
61 189
62 191
62 193
63 64
63 75
63 105
63 157
63 172
64 68
64 143
65 69
65 116
65 187
65 196
66 186
67 68
67 80
67 83
67 116
67 137
68 76
68 80
68 106
68 139
68 149
68 175
68 179
68 184
68 197
69 86
69 105
69 140
69 154
69 165
69 196
70 154
70 189
72 81
72 84
72 111
72 112
72 113
72 138
72 149
72 150
72 151
72 153
72 169
72 188
73 159
73 172
73 192
73 196
74 78
74 116
74 117
74 158
75 134
75 135
76 80
76 91
77 79
77 82
77 90
77 101
77 109
77 167
78 118
78 157
78 160
78 173
79 139
80 102
80 106
80 118
80 128
80 133
80 139
80 175
81 81
81 119
81 151
81 153
81 191
82 151
82 153
82 193
83 172
83 173
84 111
84 113
84 133
84 151
85 85
85 122
85 161
85 165
85 197
86 104
86 122
86 131
86 135
86 163
86 170
87 117
87 122
87 132
87 145
87 148
87 173
88 119
88 153
88 159
89 89
89 97
89 140
89 162
89 182
89 195
90 143
90 190
91 144
92 149
92 163
92 166
93 105
93 109
93 162
93 192
94 125
94 132
94 169
95 172
95 183
95 188
96 149
96 166
97 140
97 177
98 140
98 162
98 190
99 129
99 154
99 173
100 154
100 165
101 164
101 191
102 136
102 170
102 171
102 173
102 185
102 189
103 111
104 108
104 154
104 171
105 105
105 110
105 120
105 172
105 199
106 143
106 175
106 185
106 197
108 130
108 135
108 163
108 170
108 171
108 192
109 110
109 153
109 164
109 168
110 133
111 188
111 197
112 150
112 162
113 153
113 199
114 120
114 140
114 181
114 183
114 190
115 149
115 166
115 195
116 116
116 128
117 121
117 122
117 132
117 160
117 186
117 198
118 122
118 160
118 165
118 171
118 173
118 186
118 189
118 192
119 151
120 148
121 140
122 122
122 148
122 157
122 160
122 163
122 169
122 173
122 186
123 149
123 195
124 189
125 126
125 192
126 197
127 149
127 156
127 166
128 139
128 184
129 160
129 176
129 177
130 130
130 145
130 146
130 191
130 193
131 131
131 178
132 173
134 134
134 145
134 146
134 147
134 152
134 155
134 177
134 190
134 191
134 193
135 135
135 154
135 199
136 155
136 174
136 191
137 140
137 144
137 181
138 159
138 172
139 157
139 175
139 184
140 156
140 162
140 179
140 181
140 182
140 187
140 190
141 158
141 166
141 171
142 149
142 166
143 143
143 145
143 159
143 164
143 177
143 183
143 199
144 156
144 162
144 182
146 156
147 174
147 191
147 193
148 173
149 166
149 194
150 151
150 153
151 159
151 188
151 192
152 164
152 174
153 153
153 181
154 163
154 171
154 178
154 189
155 165
155 174
156 162
156 190
157 176
158 166
159 172
159 194
159 198
159 199
160 175
161 188
162 179
162 182
163 170
164 168
165 165
165 196
165 197
166 166
166 168
166 174
166 180
166 185
168 194
169 188
170 178
170 187
170 189
171 179
171 187
171 194
172 177
172 183
172 198
173 176
173 186
173 190
173 191
175 175
176 176
178 196
181 181
182 195
184 194
185 196
186 186
187 189
190 194
191 191
191 193