0 10
0 32
0 55
0 79
0 91
0 109
0 164
0 191
1 5
1 34
1 48
1 99
1 148
1 157
1 160
1 173
1 176
2 4
2 12
2 46
2 49
2 51
2 73
2 105
2 143
2 159
2 172
3 16
3 17
3 43
3 100
3 165
3 185
4 40
4 52
4 121
5 5
5 13
5 17
5 65
5 100
5 107
5 112
5 154
5 185
5 196
6 13
6 20
6 34
6 40
6 85
6 103
6 197
7 28
7 80
7 106
7 133
7 159
8 8
8 41
8 94
8 117
8 150
9 9
9 24
9 67
9 114
9 117
9 159
10 72
10 81
10 82
10 153
10 191
11 14
11 75
11 130
11 134
11 135
11 136
11 191
12 64
12 105
12 138
12 143
12 159
12 177
12 180
12 183
13 13
13 17
13 20
13 52
13 58
13 69
13 71
13 77
13 85
13 100
13 103
13 124
13 126
13 160
13 165
13 185
13 197
14 33
14 134
14 155
14 166
14 174
15 20
15 40
15 54
15 142
15 146
15 149
15 166
15 168
16 16
16 53
16 89
16 95
16 98
16 121
16 137
16 144
16 156
16 181
16 189
16 190
16 195
17 69
17 103
17 134
18 56
18 77
18 86
18 108
18 131
18 135
18 143
18 154
18 171
18 175
18 189
19 60
19 130
19 134
19 136
20 53
20 173
20 197
21 29
21 89
21 98
21 121
21 123
21 137
21 140
21 142
21 144
21 156
21 179
21 182
21 190
21 195
22 22
22 63
22 143
22 159
22 162
22 172
23 28
23 61
23 68
23 80
23 133
23 167
24 28
24 76
24 106
24 175
25 32
25 36
25 55
25 77
25 88
25 101
25 125
25 164
25 167
25 176
26 37
26 38
26 56
26 135
26 154
26 170
26 189
27 39
27 43
27 92
27 115
27 141
27 142
27 194
28 116
28 138
28 175
29 29
29 42
29 72
29 89
29 151
30 31
30 32
30 55
30 59
30 66
30 79
30 182
31 31
31 77
31 90
31 192
32 55
32 79
32 109
32 140
33 39
33 75
33 130
33 171
33 191
34 41
34 87
34 122
35 41
35 78
35 117
35 118
36 77
36 101
36 109
36 162
36 167
36 192
37 42
37 72
37 81
37 84
37 112
37 113
37 151
37 153
37 188
38 38
38 56
38 108
38 123
38 163
38 166
38 171
38 178
38 189
39 134
39 136
39 174
40 40
40 43
40 51
40 92
40 94
40 96
40 115
40 127
40 149
40 158
40 168
40 180
40 184
40 194
41 41
41 65
41 87
41 99
41 118
41 122
41 157
42 151
43 166
44 56
44 68
44 80
44 139
44 167
45 45
45 56
45 93
45 102
45 108
45 170
45 171
45 178
45 189
46 46
46 49
46 63
46 105
46 143
46 172
47 47
47 96
47 134
47 142
47 166
47 168
47 180
48 118
48 122
48 148
48 173
49 63
49 120
49 159
49 192
50 94
50 96
50 139
50 141
50 142
51 115
51 136
51 142
51 149
51 158
51 184
52 65
52 85
52 126
52 196
53 72
53 89
53 120
53 140
53 162
53 182
53 190
54 54
54 140
54 162
55 55
55 59
55 66
55 79
55 82
55 90
55 91
55 109
55 164
55 192
56 68
56 69
56 70
56 86
56 102
56 104
56 124
56 131
56 135
56 154
56 163
56 170
56 187
56 189
57 62
57 134
57 136
57 146
57 147
57 152
57 191
58 85
58 143
58 196
58 197
59 77
59 79
59 87
60 75
60 122
60 146
60 155
60 174
60 193
61 67
61 76
61 106
61 116
61 139
62 107
62 146
62 191
62 193
63 73
63 105
63 120
63 138
63 143
63 159
63 166
64 80
64 172
64 173
64 177
65 65
65 68
65 71
65 139
66 78
66 125
66 169
67 67
67 73
67 172
67 181
68 68
68 76
68 80
68 83
68 89
68 110
68 116
68 128
68 139
68 175
68 184
69 88
69 107
69 140
69 165
69 196
70 154
70 189
71 126
72 72
72 79
72 81
72 84
72 88
72 111
72 113
72 119
72 153
72 188
73 105
73 143
73 159
74 112
74 153
74 161
75 191
75 193
76 115
76 139
77 90
77 109
77 167
78 118
78 132
78 173
79 93
79 125
79 192
79 196
79 199
80 80
80 83
80 133
80 139
80 175
80 197
81 84
81 161
81 169
81 175
81 188
81 198
82 86
82 150
83 106
83 108
83 132
84 84
84 188
85 85
85 122
85 161
85 165
85 197
86 104
86 135
86 154
86 171
86 189
86 193
87 117
87 118
87 122
87 129
87 148
87 160
89 97
89 140
89 162
89 181
89 182
89 195
91 192
92 149
92 163
92 166
93 101
93 116
93 177
93 192
94 166
95 143
95 172
96 149
96 158
96 166
97 140
97 156
98 113
98 140
98 162
99 173
99 189
100 165
101 144
102 136
102 170
102 173
104 154
104 163
104 170
104 189
105 110
105 138
105 143
105 154
105 172
105 177
105 199
106 106
106 116
106 139
106 175
108 108
108 131
108 135
108 189
109 109
109 163
109 192
110 116
110 139
111 138
111 153
111 197
112 118
112 150
112 151
112 153
113 168
114 140
114 182
114 190
115 127
115 166
116 116
117 122
117 132
117 148
117 160
117 173
117 186
118 122
118 132
118 160
118 165
118 173
119 171
119 188
120 159
120 172
121 140
121 149
121 162
122 122
122 148
122 157
122 160
122 169
122 173
122 186
123 144
123 182
124 189
126 196
127 149
127 166
128 156
128 175
128 184
128 190
129 129
129 171
129 176
130 130
130 136
130 145
130 152
130 160
130 193
131 131
131 170
131 178
132 157
132 173
133 139
133 184
134 134
134 136
134 145
134 146
134 147
134 152
134 155
134 163
134 190
134 191
134 193
135 135
135 154
135 159
135 171
136 146
136 155
136 174
136 191
137 140
137 144
137 158
137 181
137 190
138 143
138 159
138 172
138 177
138 183
140 143
140 144
140 156
140 162
140 179
140 181
140 187
140 190
141 149
141 166
142 149
142 158
142 168
143 159
143 172
143 183
143 191
143 198
143 199
145 147
145 193
147 168
147 191
148 160
148 173
149 166
149 194
150 151
150 153
151 151
151 161
151 169
153 153
153 161
153 169
153 172
153 188
154 163
154 170
154 178
154 187
156 162
156 190
157 176
158 164
159 177
159 183
159 198
162 162
162 179
162 182
164 167
165 165
165 196
165 197
166 166
166 168
166 180
166 185
170 170
170 187
171 171
171 178
171 187
172 172
172 177
172 198
172 199
173 176
173 186
173 190
175 175
176 176
179 199
181 181
182 186
182 195
183 199
185 196
186 186
187 189
188 191
191 191