0 21
0 25
0 31
0 55
0 90
0 91
0 109
0 191
0 192
1 8
1 78
1 117
1 118
1 157
1 176
1 177
2 4
2 12
2 46
2 49
2 51
2 63
2 73
2 120
2 143
2 159
2 172
3 5
3 17
3 20
3 71
3 84
3 85
3 176
3 185
4 159
4 183
4 196
4 199
5 5
5 11
5 13
5 17
5 100
5 103
5 172
5 197
6 6
6 13
6 58
6 71
6 111
6 126
6 165
7 80
7 106
7 116
7 128
7 139
7 173
8 29
8 41
8 78
8 87
8 139
8 153
8 176
9 24
9 67
9 68
9 116
9 175
9 185
10 37
10 72
10 119
10 151
10 163
10 191
11 11
11 21
11 130
11 136
11 191
12 64
12 105
12 106
12 143
12 154
12 159
12 188
13 13
13 17
13 20
13 52
13 58
13 69
13 85
13 100
13 103
13 118
13 126
13 131
13 155
13 165
13 185
13 196
13 197
14 14
14 33
14 41
14 61
14 89
14 134
14 136
15 15
15 40
15 56
15 149
15 158
15 166
15 190
16 16
16 21
16 53
16 98
16 105
16 121
16 123
16 137
16 144
16 156
16 162
16 174
16 181
16 182
16 190
17 69
17 85
17 124
17 135
18 45
18 56
18 101
18 108
18 135
18 143
18 154
18 159
18 189
19 60
19 75
19 130
19 134
20 59
20 103
20 107
20 196
20 197
21 53
21 79
21 89
21 98
21 121
21 137
21 140
21 144
21 156
21 190
21 195
22 22
22 143
22 151
22 159
22 172
23 26
23 28
23 64
23 68
23 139
24 76
24 139
25 25
25 32
25 55
25 77
25 79
25 91
25 164
26 45
26 56
26 70
26 86
26 104
26 135
26 171
26 189
27 27
27 43
27 51
27 92
27 136
27 141
27 142
27 166
28 106
28 128
28 133
28 175
28 197
29 72
29 74
29 82
29 105
29 112
29 151
29 153
29 188
30 32
30 36
30 55
30 88
30 101
30 125
30 164
30 167
31 31
31 36
31 79
31 93
31 161
32 55
32 59
32 136
32 164
32 198
33 39
33 75
33 130
33 153
33 191
34 41
34 51
34 87
34 109
34 122
34 140
35 41
35 122
35 157
35 186
36 68
36 77
36 90
36 108
36 110
36 159
36 170
36 192
37 42
37 72
37 81
37 84
37 88
37 92
37 95
37 111
37 161
37 169
38 38
38 45
38 56
38 84
38 102
38 104
38 108
38 131
38 154
38 163
39 134
39 136
40 40
40 43
40 47
40 51
40 52
40 81
40 96
40 115
40 127
40 139
40 141
40 142
40 149
40 158
40 168
40 171
40 180
40 194
41 48
41 78
41 117
41 132
41 134
41 160
42 150
42 153
43 81
43 106
43 166
43 168
44 44
44 68
44 106
44 110
44 116
44 175
45 56
45 70
45 169
45 170
45 171
45 178
45 189
46 63
46 120
46 131
46 143
46 153
46 172
46 199
47 50
47 54
47 63
47 96
47 115
47 142
47 149
47 158
47 194
48 117
48 118
48 122
48 173
48 175
48 186
49 63
49 105
49 117
49 159
50 76
50 127
50 142
51 67
51 94
51 158
51 166
51 184
52 85
52 89
52 162
52 165
53 54
53 89
53 144
53 181
53 186
54 140
54 153
54 179
54 181
54 190
55 59
55 66
55 79
55 90
55 101
55 109
55 123
55 125
55 150
55 164
55 167
56 56
56 70
56 102
56 108
56 135
56 154
56 164
56 170
56 187
56 189
56 193
56 199
57 60
57 62
57 134
57 136
57 146
57 152
57 191
58 73
58 167
58 196
59 77
59 91
60 75
60 122
60 155
60 174
60 193
61 68
61 120
61 175
62 107
62 140
62 146
62 191
62 193
63 105
63 138
63 143
63 159
63 183
64 140
64 172
65 80
65 126
65 165
65 192
65 197
66 82
66 164
66 192
67 68
67 128
67 133
67 175
67 182
67 183
68 68
68 76
68 80
68 83
68 116
68 128
68 139
68 175
68 182
68 185
69 69
69 165
69 196
70 108
70 154
70 189
71 168
72 72
72 81
72 88
72 111
72 112
72 113
72 119
72 127
72 153
72 188
72 199
73 105
73 143
73 159
74 78
74 81
75 147
75 191
76 80
76 175
77 79
77 91
77 109
77 125
77 198
78 118
78 171
79 105
79 109
80 80
80 89
80 106
80 110
80 128
80 139
80 175
80 184
81 151
81 188
82 151
82 153
83 116
83 133
83 135
83 181
84 112
84 119
84 161
84 169
85 85
85 135
85 165
85 196
86 104
86 131
86 135
86 163
86 170
86 171
86 192
87 117
87 122
87 147
87 148
87 161
87 173
89 98
89 114
89 144
89 156
89 182
89 195
90 93
91 116
92 149
92 166
92 168
93 102
93 167
94 94
94 168
95 143
95 172
96 149
96 158
96 166
96 171
97 140
97 162
97 182
98 140
98 182
99 148
99 154
99 157
99 173
100 196
100 199
101 109
101 167
102 113
102 171
102 189
104 154
104 171
105 143
105 159
105 172
105 177
105 183
106 133
106 184
107 122
107 165
108 108
108 135
108 187
109 109
109 192
111 188
112 151
112 153
112 188
113 166
113 188
114 140
114 162
114 173
115 115
115 149
115 158
116 139
116 175
117 121
117 122
117 132
117 160
117 172
117 173
118 122
118 148
118 171
118 173
118 186
118 192
120 172
120 177
121 140
122 122
122 148
122 150
122 160
122 173
122 186
122 189
122 199
123 140
123 149
123 162
124 131
124 189
126 197
127 149
127 166
128 162
129 129
129 148
129 164
130 130
130 136
130 145
130 147
130 152
130 156
130 160
130 193
131 135
131 163
131 170
131 189
132 160
132 173
133 170
134 134
134 136
134 145
134 146
134 147
134 152
134 155
134 174
134 177
134 190
134 191
134 193
135 154
135 171
135 178
136 146
136 155
136 174
136 191
137 140
137 144
137 162
137 181
137 190
138 143
138 146
138 172
138 177
138 189
138 191
139 175
139 184
140 143
140 144
140 156
140 162
140 179
140 181
140 182
140 190
141 142
141 166
141 176
141 180
142 149
142 166
143 159
143 172
143 177
143 183
143 191
143 198
143 199
144 182
145 150
145 193
146 155
146 179
147 191
148 173
148 176
149 166
149 194
150 151
150 172
151 153
153 169
153 188
154 163
154 170
154 178
154 187
155 174
156 179
156 195
157 176
158 173
159 177
159 183
159 191
159 198
161 197
162 162
162 190
163 170
163 189
164 166
164 182
165 165
165 186
165 196
165 197
166 166
166 168
166 180
167 173
169 188
170 171
170 187
170 189
171 187
172 172
172 177
172 198
173 176
173 186
175 184
179 181
181 182
185 185
190 195
191 191
192 192
196 196