0 25
0 32
0 36
0 55
0 60
0 80
0 164
0 174
1 34
1 66
1 73
1 118
1 122
1 160
1 165
1 173
1 186
2 12
2 42
2 46
2 49
2 61
2 64
2 70
2 95
2 143
2 166
2 172
3 20
3 54
3 103
3 107
3 189
3 195
3 196
4 8
4 12
4 63
4 88
4 100
4 106
4 138
4 143
4 184
5 11
5 13
5 17
5 43
5 51
5 58
5 59
5 80
5 126
5 130
5 185
6 10
6 13
6 17
6 65
6 66
6 100
6 151
6 196
7 23
7 116
7 134
7 166
8 27
8 35
8 41
8 42
8 122
9 9
9 69
9 89
9 135
9 184
10 55
10 72
10 149
11 19
11 21
11 62
11 75
11 102
11 115
11 130
12 33
12 45
12 51
12 58
12 63
12 95
12 134
12 143
12 159
13 13
13 17
13 20
13 22
13 26
13 54
13 58
13 71
13 85
13 100
13 103
13 111
13 119
13 126
13 160
13 169
13 197
14 14
14 21
14 61
14 134
14 136
15 18
15 25
15 27
15 53
15 146
15 166
15 171
15 180
16 16
16 53
16 89
16 98
16 105
16 118
16 121
16 137
16 144
16 145
16 162
16 174
16 182
16 183
16 189
16 190
17 68
17 76
17 171
17 196
18 28
18 45
18 81
18 121
18 135
18 171
19 130
19 134
19 152
20 40
20 53
20 149
21 42
21 47
21 53
21 68
21 72
21 84
21 89
21 101
21 121
21 135
21 137
21 144
21 170
21 190
21 194
21 195
22 34
22 112
22 181
23 37
23 44
23 45
23 68
23 80
23 188
24 106
24 140
24 189
25 28
25 47
25 55
25 66
25 77
25 101
25 117
25 125
25 172
25 193
26 48
26 86
26 131
26 143
26 171
27 40
27 92
27 93
27 142
27 155
27 156
27 166
28 139
28 161
28 191
29 37
29 72
29 81
29 89
29 151
29 166
29 199
30 33
30 55
30 59
30 66
30 79
30 109
30 182
30 189
30 199
31 31
31 34
31 90
31 110
31 139
31 159
31 186
31 192
32 55
32 58
32 67
32 75
32 101
32 143
33 62
33 75
33 130
34 140
35 54
35 86
35 116
35 117
35 118
35 123
36 61
36 68
36 72
36 77
36 101
36 137
36 143
37 119
37 150
37 156
37 161
38 38
38 56
38 101
38 107
38 122
38 135
38 154
38 163
38 170
38 189
39 63
39 134
39 136
39 190
40 40
40 43
40 47
40 57
40 68
40 76
40 92
40 94
40 96
40 107
40 141
40 142
40 149
40 166
40 172
40 173
40 194
41 61
41 87
41 117
41 125
41 129
41 130
41 148
41 171
41 186
42 45
42 72
42 144
42 176
43 47
43 166
43 172
43 173
43 196
44 80
44 116
44 175
44 193
45 104
45 108
45 124
45 135
45 154
45 190
45 199
46 49
46 63
46 72
46 102
46 159
46 172
47 114
47 115
47 116
47 127
47 172
47 180
47 185
48 77
48 116
48 118
48 122
48 129
48 139
49 63
49 152
49 155
49 159
50 96
50 141
50 168
50 173
50 174
51 52
51 62
51 63
51 96
51 141
51 180
52 68
52 85
52 162
52 197
53 54
53 56
53 122
53 159
53 190
54 111
54 114
54 140
54 153
54 172
54 181
55 66
55 79
55 80
55 87
55 90
55 91
55 109
55 179
55 184
55 192
55 195
56 56
56 70
56 84
56 86
56 91
56 104
56 131
56 134
56 135
56 143
56 146
56 154
56 170
56 177
56 178
56 187
57 60
57 68
57 71
57 146
57 147
57 168
57 191
57 193
58 69
58 165
59 129
59 131
59 163
59 167
60 90
60 107
60 127
60 155
60 174
60 193
61 116
61 139
61 184
62 102
62 117
62 140
62 163
62 191
62 193
63 121
63 159
63 172
64 89
64 105
64 138
64 140
65 85
65 161
66 108
66 122
66 167
67 67
67 130
67 134
67 163
67 182
68 76
68 80
68 104
68 127
68 128
68 133
68 168
68 182
68 184
68 191
69 69
69 85
69 134
69 140
69 185
70 154
70 191
71 173
72 74
72 88
72 98
72 112
72 113
72 151
72 159
72 161
72 189
73 77
73 143
73 159
74 78
74 122
74 153
74 166
75 151
75 189
76 80
76 143
77 91
77 125
77 198
78 108
78 117
78 118
78 160
78 176
79 109
79 117
79 164
80 83
80 106
80 110
80 117
80 157
80 175
81 92
81 99
81 143
81 150
81 153
81 182
82 82
82 88
82 159
82 192
82 193
83 108
83 110
83 153
84 112
84 130
84 162
84 193
85 100
85 118
85 131
85 155
85 165
85 196
86 106
86 108
86 109
86 133
86 170
86 177
86 189
87 119
87 120
87 129
87 135
87 139
87 148
89 113
89 124
89 140
89 162
89 182
89 195
90 93
90 195
92 166
92 170
92 179
93 182
94 142
94 192
95 140
95 143
96 115
96 158
96 166
97 140
97 162
97 177
98 106
98 120
98 140
98 181
99 117
99 134
99 145
99 173
101 109
101 134
101 191
102 102
102 104
102 175
103 165
105 105
105 124
105 132
105 143
105 159
105 177
105 180
105 183
105 189
106 165
106 187
106 196
107 122
107 151
107 192
108 130
108 135
108 170
108 187
109 109
109 146
109 192
110 139
111 148
111 153
111 188
113 113
114 120
114 140
114 162
114 190
115 149
115 166
115 172
116 144
116 184
117 122
117 129
117 171
118 118
118 133
118 153
118 165
118 188
119 188
120 159
120 172
121 140
121 158
121 179
122 129
122 141
122 148
122 157
122 173
122 176
122 186
123 136
123 156
124 131
124 135
124 147
124 163
124 170
124 197
125 164
126 134
126 165
126 197
127 135
127 168
127 171
128 162
128 175
128 183
128 190
129 176
130 130
130 147
130 156
130 191
130 193
131 155
131 171
132 136
132 165
132 178
133 159
134 134
134 136
134 145
134 146
134 152
134 155
134 174
134 177
134 186
134 192
134 193
135 174
135 178
136 136
136 146
136 174
136 175
136 191
137 140
137 144
137 162
137 181
137 186
138 143
138 146
138 181
138 195
139 148
140 156
140 162
140 179
140 182
140 187
140 190
141 141
141 143
142 142
142 166
143 145
143 159
143 172
143 183
143 198
144 166
145 147
145 155
145 166
145 171
146 154
146 176
147 151
147 164
147 191
148 160
148 176
149 149
149 158
149 166
149 168
149 196
150 151
150 167
150 188
150 191
151 153
151 159
153 188
153 189
153 193
153 197
154 155
154 156
154 157
154 179
154 187
154 189
154 192
156 179
156 182
156 195
157 173
157 176
158 194
159 159
159 172
160 173
160 181
160 197
162 162
163 170
163 189
163 191
164 167
164 176
164 178
165 185
165 192
166 173
166 194
168 171
168 180
169 170
169 171
170 172
170 178
170 192
171 178
172 177
172 195
172 196
172 199
173 176
173 191
173 199
175 175
175 199
179 181
181 199
182 196
183 198
187 189
189 189
190 194
191 191
191 193
191 198
192 192
197 197