0 25
0 30
0 55
0 79
0 90
0 91
0 192
0 195
1 34
1 48
1 57
1 109
1 110
1 117
1 118
1 122
1 173
2 2
2 4
2 45
2 64
2 95
2 105
2 134
2 143
2 159
2 166
2 172
3 16
3 20
3 56
3 103
3 165
3 195
3 196
4 12
4 23
4 28
4 159
4 172
4 183
5 13
5 17
5 21
5 43
5 51
5 58
5 100
5 126
5 136
5 139
5 173
5 185
6 10
6 13
6 17
6 41
6 65
6 66
6 100
6 107
6 196
7 67
7 68
7 80
7 105
7 160
7 175
8 35
8 41
8 88
8 117
8 122
8 157
8 179
9 23
9 68
9 71
9 105
9 106
9 110
9 135
10 37
10 72
10 107
10 149
11 14
11 33
11 60
11 61
11 130
11 136
12 26
12 33
12 46
12 63
12 81
12 95
12 105
12 143
12 172
12 177
13 13
13 17
13 20
13 22
13 26
13 58
13 68
13 71
13 85
13 100
13 103
13 111
13 126
13 160
13 165
13 185
13 197
14 15
14 57
14 60
14 134
14 136
14 189
15 15
15 47
15 50
15 54
15 89
15 149
15 166
15 171
16 16
16 53
16 89
16 95
16 98
16 107
16 118
16 121
16 137
16 144
16 181
16 190
16 195
17 58
17 78
17 196
18 45
18 68
18 101
18 121
18 135
18 170
18 171
19 130
19 134
19 136
19 146
20 40
20 144
20 194
21 29
21 53
21 86
21 89
21 98
21 121
21 123
21 128
21 140
21 142
21 144
21 156
21 179
21 182
21 190
21 195
22 46
22 63
22 72
22 143
22 179
22 191
23 153
23 171
24 56
24 67
24 80
24 110
24 123
25 25
25 32
25 42
25 47
25 52
25 55
25 77
25 142
25 164
26 35
26 102
26 131
26 138
26 189
27 40
27 92
27 93
27 121
27 127
27 136
27 142
27 166
27 194
28 30
28 39
28 44
28 68
28 76
28 116
29 72
29 81
29 119
29 123
29 153
29 191
30 32
30 55
30 88
30 101
30 116
30 125
30 167
31 36
31 55
31 59
31 79
31 97
31 176
31 198
32 32
32 55
32 66
33 62
33 75
33 84
33 130
33 170
33 191
34 109
34 154
34 173
35 117
35 132
35 175
36 67
36 77
36 79
36 101
36 105
36 141
36 191
37 53
37 138
37 150
37 153
37 161
38 38
38 56
38 86
38 108
38 120
38 122
38 131
38 135
38 154
38 163
39 80
39 134
39 136
40 40
40 43
40 47
40 57
40 68
40 80
40 92
40 94
40 96
40 141
40 142
40 143
40 149
40 166
40 180
40 194
40 196
41 87
41 111
41 117
41 130
41 132
41 134
41 148
41 160
41 186
42 84
42 171
42 173
42 188
43 47
43 156
43 166
44 68
44 69
44 116
44 175
44 184
45 56
45 70
45 86
45 116
45 131
45 135
45 137
45 178
45 187
45 189
46 69
46 73
46 198
46 199
47 62
47 114
47 115
47 143
47 180
47 184
47 185
48 77
48 118
48 122
48 159
48 177
49 105
49 143
49 146
49 147
49 159
49 172
50 96
50 141
50 184
51 52
51 96
51 141
51 142
51 168
51 180
52 68
52 85
53 89
53 144
53 162
53 190
54 54
54 140
54 143
54 162
55 59
55 66
55 79
55 101
55 109
55 118
55 123
55 150
55 164
55 167
56 60
56 67
56 91
56 98
56 102
56 104
56 108
56 123
56 131
56 135
56 154
56 163
56 170
56 178
56 189
57 60
57 120
57 122
57 136
57 146
57 191
58 123
59 127
59 154
59 196
60 107
60 146
60 193
61 68
61 82
61 116
61 175
62 75
62 117
62 140
62 191
62 193
63 74
63 80
63 95
63 105
63 138
63 143
63 159
63 193
64 120
64 172
64 175
64 177
65 117
65 161
65 192
66 82
66 122
66 192
67 80
67 166
67 181
67 191
68 73
68 80
68 115
68 128
68 160
68 175
68 184
68 194
69 69
69 134
69 140
69 159
69 185
69 196
70 96
70 154
71 85
71 110
71 165
72 74
72 81
72 82
72 83
72 84
72 112
72 113
72 119
72 145
72 150
72 153
73 77
73 105
73 138
73 143
73 159
74 109
74 151
74 172
75 108
75 134
75 135
76 80
76 83
76 106
76 154
77 79
77 91
77 109
77 125
77 189
77 197
78 78
78 118
78 176
79 109
80 80
80 175
80 184
81 92
81 139
81 151
81 153
81 170
82 113
82 193
83 157
83 162
84 86
84 153
84 161
85 100
85 155
85 165
85 191
85 196
85 197
86 135
86 171
86 175
86 178
86 189
87 129
87 135
87 139
87 145
87 148
87 163
87 173
88 188
89 140
89 162
89 173
89 181
89 182
89 195
90 93
90 164
90 172
90 198
92 158
92 166
93 181
94 142
94 176
94 192
95 138
95 140
96 115
96 166
97 140
97 156
98 124
98 137
98 140
99 99
99 117
99 173
100 165
101 109
102 119
102 136
102 151
102 189
102 199
103 165
104 171
104 189
105 143
105 172
105 183
105 198
106 106
106 133
106 165
106 172
106 197
107 122
107 154
107 163
107 166
108 130
108 154
108 169
108 171
108 178
108 189
109 109
109 192
110 112
110 116
110 184
111 148
111 151
111 161
112 151
113 151
113 181
114 133
114 137
114 140
114 182
114 190
115 142
115 149
115 166
116 139
116 167
117 122
117 139
117 158
117 186
118 118
118 122
118 133
118 161
118 176
119 153
120 143
120 186
121 140
121 162
122 129
122 141
122 148
122 157
122 173
122 176
122 186
123 182
124 129
124 135
124 154
124 170
124 171
125 163
126 134
126 165
126 197
127 145
127 168
128 139
128 156
128 190
129 129
130 130
130 145
130 146
130 191
130 193
131 152
131 162
131 170
132 178
134 134
134 145
134 146
134 147
134 152
134 155
134 177
134 190
134 191
134 193
135 170
135 171
135 178
136 155
136 174
136 191
137 140
137 176
138 172
139 175
140 156
140 162
140 179
140 181
140 187
140 190
141 142
141 166
141 180
142 166
142 188
143 143
143 159
143 172
143 177
143 195
143 199
144 156
147 174
147 191
147 193
148 160
148 173
149 149
149 158
149 166
149 168
149 196
150 151
150 153
150 188
150 189
151 163
151 188
152 164
152 174
153 153
153 156
154 170
154 171
154 187
154 189
155 174
156 162
156 190
157 173
157 176
158 167
159 159
159 168
159 172
159 177
159 198
160 173
160 186
160 197
161 188
162 162
162 164
162 179
162 182
163 170
163 187
164 173
164 192
165 192
166 166
166 169
166 174
167 167
168 168
168 171
169 170
170 178
170 189
171 199
172 177
172 180
172 183
172 199
173 176
174 191
180 182
181 181
182 186
182 195
182 196
183 183
187 189
189 195
190 194
191 193
192 192
197 197