0 32
0 36
0 55
0 59
0 66
0 79
0 90
1 34
1 55
1 87
1 117
1 122
1 132
1 160
1 173
1 176
1 186
2 2
2 12
2 46
2 73
2 105
2 138
2 143
2 159
2 172
2 177
3 13
3 20
3 69
3 85
3 100
3 103
3 185
4 64
4 105
4 120
4 143
4 172
4 199
5 17
5 52
5 58
5 69
5 85
5 100
5 126
5 173
5 196
5 197
6 69
6 71
6 85
6 100
6 126
6 165
6 196
6 197
7 9
7 23
7 67
7 133
7 175
7 184
8 41
8 87
8 117
8 122
8 160
8 173
8 176
9 23
9 44
9 61
9 68
9 106
9 116
9 175
10 16
10 29
10 72
10 74
10 119
10 161
10 169
10 190
11 11
11 33
11 60
11 62
11 130
11 136
12 12
12 22
12 105
12 138
12 143
12 159
12 172
12 177
12 183
13 13
13 17
13 20
13 52
13 58
13 65
13 69
13 71
13 85
13 100
13 103
13 107
13 126
13 137
13 165
13 185
13 196
13 197
14 57
14 60
14 75
14 130
14 134
14 145
15 15
15 43
15 50
15 96
15 115
15 141
15 166
16 21
16 53
16 89
16 98
16 121
16 137
16 140
16 144
16 156
16 162
16 179
16 182
16 190
16 195
17 85
17 103
17 165
17 196
17 197
18 45
18 56
18 102
18 108
18 135
18 163
18 170
19 60
19 130
19 134
19 136
19 146
20 58
20 71
20 85
21 54
21 89
21 92
21 97
21 98
21 114
21 121
21 123
21 137
21 140
21 162
21 179
21 181
21 182
21 190
21 195
22 46
22 159
22 170
22 172
22 191
23 68
23 106
23 116
23 133
23 154
24 67
24 68
24 116
24 118
24 139
24 175
25 31
25 32
25 55
25 79
25 93
25 101
25 125
25 167
25 192
26 26
26 38
26 56
26 86
26 102
26 108
26 135
26 154
26 170
26 171
27 27
27 40
27 43
27 47
27 92
27 142
27 149
27 194
28 28
28 68
28 76
28 89
28 128
28 139
28 184
29 42
29 74
29 81
29 153
29 188
30 31
30 32
30 55
30 59
30 66
30 77
30 91
30 101
30 109
30 164
30 167
31 32
31 55
31 77
31 79
31 109
32 56
32 66
32 90
32 192
33 39
33 62
33 75
33 130
33 171
33 173
33 191
34 35
34 41
34 99
34 118
34 122
34 186
35 122
35 160
36 36
36 55
36 77
36 79
36 167
36 192
37 72
37 81
37 82
37 84
37 111
37 153
37 161
38 56
38 86
38 104
38 108
38 135
38 151
38 154
38 163
38 171
38 189
39 57
39 134
39 136
40 40
40 43
40 47
40 50
40 51
40 92
40 94
40 96
40 115
40 127
40 142
40 149
40 158
40 166
40 176
40 194
41 48
41 53
41 118
41 122
41 129
41 148
41 160
41 186
42 72
42 81
42 82
42 150
43 50
43 115
43 141
43 158
43 166
44 67
44 68
44 80
44 133
45 56
45 102
45 104
45 131
45 134
45 135
45 154
45 163
45 170
45 189
46 49
46 105
46 143
46 159
46 172
47 51
47 94
47 96
47 142
47 149
47 168
48 87
48 118
48 122
48 132
48 148
49 138
49 183
50 127
51 149
51 166
51 180
51 194
52 58
52 126
52 185
53 89
53 97
53 140
53 162
53 182
54 140
54 156
54 162
54 181
55 59
55 77
55 79
55 90
55 101
55 109
55 125
55 167
55 192
56 56
56 86
56 102
56 104
56 108
56 124
56 131
56 135
56 154
56 170
56 178
56 187
57 60
57 134
57 146
57 191
58 165
60 146
60 155
60 193
61 80
61 133
61 139
61 175
62 75
62 191
62 193
63 72
63 73
63 95
63 138
63 143
63 177
63 183
63 198
63 199
64 143
64 159
64 172
65 71
65 85
65 185
66 77
66 85
66 164
67 68
67 80
67 83
67 116
67 133
67 175
68 68
68 76
68 80
68 106
68 110
68 116
68 128
68 139
68 175
69 196
69 197
70 135
70 154
70 163
70 170
70 189
72 72
72 74
72 81
72 82
72 84
72 88
72 112
72 113
72 119
72 161
72 177
72 188
73 105
73 159
73 172
73 198
74 113
74 143
74 153
75 136
75 146
75 152
76 80
76 116
76 139
77 122
77 164
77 167
78 87
78 117
78 132
78 148
78 157
79 192
80 80
80 83
80 106
80 110
80 128
80 175
80 190
81 113
81 150
81 161
82 150
83 110
83 159
84 111
84 117
84 151
84 188
85 103
86 86
86 135
86 154
86 171
86 178
87 117
87 118
87 122
87 173
87 176
88 151
88 169
89 114
89 123
89 156
89 162
89 179
89 190
90 109
91 93
91 109
91 164
91 167
92 141
92 158
93 125
94 158
95 143
95 172
96 142
96 149
96 166
96 168
97 140
97 190
98 137
98 140
98 156
98 182
99 117
99 122
99 129
99 160
100 140
100 165
100 196
101 109
101 125
102 163
103 165
104 170
104 171
104 189
105 120
105 137
105 138
105 143
105 159
105 172
105 177
105 199
106 108
106 116
106 139
106 184
107 135
107 165
107 196
108 108
108 171
108 189
109 109
109 164
110 139
111 150
111 151
112 153
112 188
113 153
114 140
114 162
114 182
115 127
115 166
115 180
116 133
117 117
117 118
117 122
117 160
118 129
118 157
118 176
118 186
119 188
120 143
120 159
120 172
121 140
121 144
122 129
122 148
122 157
122 173
122 176
122 186
123 162
124 163
124 170
126 196
127 149
127 166
128 184
128 189
129 148
129 160
129 173
130 130
130 136
130 145
130 146
130 160
130 191
130 193
131 135
131 163
131 170
131 171
131 178
131 187
131 189
132 134
132 173
132 176
133 175
134 134
134 136
134 145
134 146
134 147
134 152
134 155
134 174
134 191
134 193
135 154
135 178
135 189
136 147
136 155
136 174
136 191
136 193
137 140
137 181
138 159
138 172
138 199
140 144
140 156
140 162
140 179
140 181
140 190
141 142
141 149
141 166
142 166
142 168
143 143
143 159
143 172
143 177
143 183
143 198
144 156
144 181
144 190
145 193
147 174
147 191
147 193
149 149
149 166
149 168
149 180
150 151
150 153
150 188
151 161
151 169
151 188
152 174
153 153
153 161
153 169
153 193
154 154
154 170
154 187
155 174
156 179
156 182
156 190
157 173
157 186
158 166
159 177
159 198
159 199
162 162
162 181
163 171
163 189
164 192
165 185
166 166
166 168
166 180
166 194
169 188
170 171
170 187
170 189
171 171
171 178
171 189
172 172
172 177
172 183
172 199
173 173
173 176
174 191
175 184
178 189
181 195
182 195
187 189
190 195
191 191
191 193
196 197
197 197