0 25
0 32
0 36
0 55
0 109
0 164
0 167
0 174
1 34
1 40
1 87
1 99
1 105
1 118
1 157
1 160
1 176
2 2
2 22
2 46
2 49
2 63
2 102
2 105
2 159
2 172
2 177
3 17
3 51
3 58
3 100
3 126
3 170
3 185
4 52
4 128
4 138
4 150
4 172
4 198
5 10
5 13
5 17
5 20
5 46
5 65
5 66
5 100
5 107
5 132
5 136
5 196
6 13
6 20
6 34
6 71
6 85
6 103
6 129
6 197
7 23
7 106
7 116
7 133
7 166
7 194
8 116
8 118
8 125
8 157
8 173
9 28
9 44
9 50
9 68
9 80
9 83
9 116
9 175
10 29
10 37
10 81
10 189
11 14
11 33
11 60
11 61
11 62
11 130
11 136
12 22
12 33
12 105
12 143
12 159
12 163
12 177
12 183
12 191
12 199
13 13
13 17
13 20
13 52
13 58
13 69
13 71
13 77
13 85
13 100
13 103
13 124
13 126
13 160
13 165
13 185
13 197
14 15
14 57
14 60
14 134
14 136
14 162
14 173
14 190
15 15
15 40
15 149
15 158
15 166
15 168
16 16
16 21
16 53
16 89
16 98
16 101
16 121
16 135
16 137
16 144
16 156
16 162
16 190
16 195
17 69
17 134
18 45
18 56
18 77
18 108
18 131
18 135
18 142
18 154
18 189
19 130
19 134
19 136
19 146
20 144
20 173
20 197
21 40
21 52
21 97
21 98
21 114
21 123
21 128
21 137
21 140
21 158
21 162
21 179
21 182
21 190
21 195
22 46
22 56
22 159
22 172
23 40
23 64
23 95
23 106
24 39
24 139
24 170
25 31
25 40
25 55
25 66
25 77
25 79
25 101
25 125
25 141
25 161
25 186
26 45
26 56
26 86
26 100
26 103
26 135
26 171
26 189
27 27
27 40
27 43
27 92
27 136
27 141
27 142
28 28
28 38
28 39
28 175
29 72
29 82
29 84
29 151
29 153
29 195
30 32
30 55
30 59
30 66
30 90
30 162
30 192
31 31
31 74
31 77
31 79
31 85
31 138
31 140
31 157
31 159
32 55
32 158
32 167
32 188
33 62
33 75
33 130
33 153
33 191
34 109
34 117
34 122
34 167
34 173
35 54
35 117
35 173
35 176
36 59
36 66
36 76
36 77
36 110
36 150
36 164
36 176
36 192
37 58
37 72
37 82
37 84
37 112
37 140
37 151
38 38
38 45
38 56
38 70
38 104
38 131
38 135
38 143
38 170
39 134
39 136
40 40
40 43
40 51
40 78
40 92
40 94
40 115
40 127
40 142
40 158
40 168
40 180
40 194
41 41
41 51
41 78
41 87
41 117
41 130
41 134
41 139
41 145
41 173
42 53
42 68
42 74
42 111
43 84
43 123
43 143
43 166
44 68
44 76
44 106
44 116
44 141
44 175
45 56
45 70
45 81
45 107
45 169
45 171
45 178
45 182
46 63
46 64
46 105
46 122
46 138
46 198
47 73
47 81
47 96
47 141
47 142
47 166
47 168
47 180
47 194
48 48
48 118
48 122
48 173
48 175
49 63
49 105
49 138
49 146
49 172
50 59
50 96
50 115
50 139
50 142
51 62
51 67
51 115
51 142
51 149
51 184
52 65
52 85
52 196
53 72
53 140
53 166
53 181
53 182
53 190
53 194
53 197
54 113
54 115
54 126
54 128
54 140
54 156
54 162
54 182
55 55
55 66
55 79
55 82
55 90
55 91
55 107
55 109
55 190
55 192
56 56
56 70
56 102
56 108
56 131
56 135
56 154
56 164
56 171
56 187
56 189
56 193
56 199
57 60
57 134
57 136
57 146
57 191
58 143
58 196
58 197
59 77
60 107
60 146
60 155
60 193
61 68
61 116
61 120
61 175
62 191
62 193
63 120
63 159
63 178
63 183
63 188
63 199
64 143
64 172
65 80
65 85
65 187
65 196
67 68
67 128
67 133
67 137
67 139
67 175
67 179
68 68
68 76
68 77
68 80
68 83
68 116
68 128
68 139
68 162
68 175
68 198
69 85
69 140
69 152
69 165
69 189
69 196
70 153
70 189
71 147
71 165
71 172
72 72
72 81
72 111
72 112
72 113
72 119
72 133
72 151
72 153
72 188
73 105
73 143
73 172
74 118
75 106
75 134
75 135
75 152
75 172
76 80
76 175
77 90
77 109
77 167
78 86
78 122
78 139
78 171
78 173
79 93
80 80
80 89
80 106
80 110
80 128
80 139
80 175
80 184
81 84
81 119
81 151
81 199
82 150
82 151
82 153
82 193
83 83
83 116
84 88
84 188
85 122
85 154
85 196
85 197
86 104
86 135
86 163
86 170
86 171
86 192
86 198
87 118
87 122
87 129
87 141
87 145
87 148
87 173
88 143
88 161
89 89
89 97
89 120
89 140
89 144
89 162
89 177
89 182
91 142
91 192
92 149
92 154
92 156
92 168
93 102
93 144
93 192
94 96
94 163
95 159
95 172
96 149
96 158
96 166
96 171
97 140
97 159
98 106
98 108
98 140
98 162
99 173
99 176
100 165
101 164
101 191
102 170
102 171
102 189
104 154
104 171
104 189
105 143
105 159
105 172
105 177
105 183
105 185
106 133
106 184
108 108
108 113
108 130
108 135
108 170
109 109
109 163
109 164
109 192
110 175
111 181
111 188
112 151
112 153
112 188
113 153
114 140
114 143
114 181
114 182
115 149
115 166
116 193
117 122
117 148
117 154
117 160
117 161
117 173
117 186
117 196
118 121
118 122
118 132
118 160
118 173
119 151
120 172
120 177
121 140
121 156
122 122
122 148
122 156
122 160
122 173
122 176
122 186
122 189
123 149
123 181
124 154
124 185
124 189
125 192
126 197
127 149
127 166
127 195
129 148
129 186
130 130
130 145
130 146
130 191
130 193
131 131
131 178
131 189
132 148
132 160
132 176
133 160
134 134
134 143
134 145
134 146
134 147
134 152
134 155
134 177
134 190
134 191
134 193
135 135
135 154
135 171
135 199
136 147
136 155
136 174
136 191
137 140
137 144
137 148
137 181
138 143
138 159
138 172
139 184
140 156
140 162
140 179
140 181
140 182
140 187
140 190
141 166
141 180
142 149
143 143
143 159
143 172
143 177
143 183
143 199
144 156
144 162
144 182
147 191
147 193
149 166
149 168
149 194
150 151
150 153
150 183
150 188
151 153
151 193
153 169
153 188
154 154
154 163
154 171
155 165
155 174
157 172
157 186
159 159
159 177
159 183
161 199
162 164
162 179
162 181
162 190
163 170
163 187
163 189
164 167
165 165
165 173
165 196
166 166
166 168
166 174
166 178
166 180
168 185
169 188
169 192
170 171
170 178
170 187
170 189
171 187
172 172
172 198
173 186
173 191
175 184
176 186
178 196
185 196
190 195
191 191
191 193