0 31
0 66
0 77
0 101
0 125
0 164
0 167
0 191
0 193
1 1
1 35
1 48
1 78
1 118
1 122
1 165
1 173
2 2
2 4
2 12
2 63
2 73
2 83
2 105
2 143
2 159
2 183
2 198
3 5
3 6
3 13
3 20
3 58
3 71
3 126
3 169
3 196
4 4
4 22
4 63
4 166
5 6
5 13
5 58
5 69
5 126
5 165
5 185
5 194
6 69
6 85
6 100
6 103
6 125
7 28
7 61
7 68
7 116
7 128
7 139
7 184
8 109
8 118
8 129
8 148
8 160
8 186
9 44
9 56
9 68
9 80
9 83
9 176
9 190
10 37
10 72
10 88
10 122
10 150
10 164
11 14
11 62
11 75
11 130
11 134
11 135
11 136
11 191
12 22
12 46
12 64
12 75
12 95
12 105
12 159
12 172
12 198
12 199
13 13
13 17
13 20
13 26
13 52
13 58
13 65
13 69
13 71
13 85
13 100
13 103
13 126
13 165
13 185
13 196
13 197
14 33
14 54
14 134
14 155
14 166
14 174
14 188
15 27
15 43
15 92
15 96
15 137
15 142
15 146
15 149
15 166
16 16
16 21
16 53
16 79
16 89
16 98
16 121
16 137
16 140
16 144
16 156
16 162
16 190
16 195
17 17
17 85
17 165
17 196
18 26
18 45
18 56
18 102
18 163
18 170
18 171
18 189
19 62
19 130
19 134
19 136
19 152
20 58
20 65
20 69
20 85
20 171
20 196
21 54
21 89
21 97
21 98
21 114
21 123
21 137
21 140
21 144
21 146
21 162
21 179
21 182
21 195
22 105
22 143
22 172
22 177
23 23
23 80
23 116
23 133
23 170
24 44
24 139
24 175
25 27
25 32
25 51
25 55
25 59
25 66
25 77
25 79
25 85
25 90
25 109
26 45
26 56
26 86
26 108
26 154
26 170
27 40
27 47
27 96
27 115
27 127
27 141
27 158
27 166
27 168
28 61
28 67
28 68
28 83
28 106
28 122
28 193
29 37
29 47
29 72
29 112
29 153
29 161
30 31
30 55
30 79
30 91
30 101
30 109
30 125
30 135
30 164
30 167
30 178
31 55
31 93
31 101
31 109
31 143
32 66
32 77
32 150
32 164
32 167
33 39
33 75
33 117
33 130
33 163
33 191
34 40
34 87
34 122
34 129
34 173
35 41
35 117
35 148
36 55
36 66
36 82
36 90
36 91
36 93
36 109
37 72
37 81
37 85
37 151
37 153
37 169
37 188
38 45
38 70
38 93
38 102
38 108
38 163
38 170
38 178
38 181
38 189
39 134
39 136
39 174
40 40
40 43
40 47
40 50
40 94
40 96
40 115
40 127
40 142
40 149
40 158
40 166
40 180
40 185
41 41
41 59
41 122
41 129
41 148
41 160
41 173
41 186
42 74
42 81
42 84
42 188
43 149
43 166
44 68
44 76
44 106
44 116
44 139
45 56
45 104
45 151
45 154
45 163
45 170
46 105
46 139
46 143
46 159
46 183
46 198
47 47
47 50
47 94
47 134
47 151
48 122
48 148
48 173
48 176
48 177
49 143
49 159
49 172
50 142
50 159
50 194
51 51
51 92
51 96
51 158
52 89
52 165
52 182
53 68
53 116
53 131
53 140
53 156
53 162
53 182
54 140
54 156
54 181
55 55
55 59
55 79
55 90
55 91
55 101
55 104
55 125
55 167
55 192
56 70
56 104
56 108
56 110
56 124
56 131
56 135
56 143
56 154
56 163
56 170
56 171
56 178
56 187
56 189
57 60
57 62
57 134
57 136
57 146
57 147
57 152
57 191
58 126
58 172
58 197
59 192
60 75
60 90
60 146
60 155
60 174
60 193
61 67
61 68
61 116
61 184
62 191
62 193
63 95
63 102
63 143
63 159
63 172
63 177
63 198
64 105
64 138
64 159
64 183
65 165
65 172
66 154
67 68
67 106
67 110
67 116
67 191
68 76
68 80
68 83
68 106
68 128
68 171
68 175
68 184
68 197
69 139
69 140
70 170
70 171
71 196
72 74
72 82
72 84
72 88
72 111
72 113
72 134
72 150
72 153
72 161
72 188
73 105
73 143
73 159
73 177
74 81
74 153
75 191
75 193
76 86
76 133
77 77
77 79
77 94
78 122
78 160
78 176
78 186
79 164
80 80
80 83
80 106
80 128
80 133
80 139
80 145
80 175
81 113
81 119
81 148
81 153
81 169
82 112
82 153
83 156
83 175
84 112
84 150
84 161
84 193
85 100
85 107
85 130
85 197
86 104
86 108
86 135
86 154
86 170
86 171
87 101
87 117
87 118
87 122
87 148
87 160
87 173
87 186
88 153
89 97
89 140
89 144
89 156
89 162
89 190
89 195
91 109
92 142
92 158
92 166
93 164
94 166
95 106
95 172
96 108
96 141
97 140
97 190
98 140
98 162
98 182
99 118
99 132
99 186
100 165
102 131
102 136
102 154
102 171
102 189
103 197
104 131
104 154
104 171
104 189
105 120
105 143
105 172
105 175
105 177
105 199
106 184
106 199
107 185
107 196
108 124
108 131
108 154
108 178
109 125
109 167
109 192
110 133
111 120
111 151
111 188
113 151
113 188
114 123
114 140
114 162
114 182
115 131
115 142
115 149
115 166
116 175
116 184
117 122
117 129
117 132
117 157
117 160
117 173
117 176
118 118
118 122
118 132
118 175
118 186
119 150
119 197
120 143
120 159
120 199
121 140
121 156
121 173
122 129
122 132
122 157
122 160
122 173
122 176
123 179
124 170
124 171
127 141
127 166
128 139
128 175
129 157
130 130
130 136
130 145
130 147
130 160
130 189
130 191
130 193
131 135
131 171
131 189
132 132
132 173
133 151
134 134
134 136
134 145
134 146
134 147
134 152
134 155
134 190
134 191
134 193
135 154
135 163
135 170
135 178
135 187
135 189
136 146
136 155
136 174
136 191
137 140
137 144
137 181
137 190
137 196
138 138
138 143
138 159
138 172
139 183
139 184
140 144
140 156
140 162
140 179
140 181
140 187
140 190
141 149
141 168
141 194
142 158
142 194
143 143
143 159
143 166
143 172
143 183
143 198
143 199
144 162
144 181
145 147
145 193
147 191
148 176
149 149
149 166
149 180
150 153
151 153
153 161
153 162
153 188
153 195
154 170
154 178
154 187
156 179
156 182
157 157
157 173
158 166
158 194
159 172
159 177
159 183
159 199
160 173
160 176
161 169
162 179
162 181
162 190
163 171
163 178
163 189
165 165
165 177
165 197
166 168
166 180
166 194
167 192
168 168
170 187
170 189
171 171
172 172
172 177
172 198
172 199
173 173
175 175
176 186
176 192
179 186
181 195
182 190
182 195
185 196
189 189
191 191
192 192
196 197