0 25
0 36
0 55
0 60
0 106
0 141
0 164
0 174
0 192
1 41
1 42
1 79
1 109
1 122
1 140
1 179
2 12
2 64
2 83
2 95
2 109
2 138
2 145
2 166
2 172
3 5
3 12
3 41
3 46
3 85
3 107
3 136
3 163
3 185
4 12
4 61
4 70
4 95
4 143
5 11
5 13
5 36
5 51
5 76
5 126
5 130
5 165
5 196
6 16
6 17
6 20
6 37
6 65
6 92
6 130
7 80
7 90
7 118
7 166
7 184
8 12
8 83
8 117
8 138
8 148
8 154
8 176
8 186
9 22
9 68
9 74
9 89
9 135
9 138
10 72
10 149
10 156
10 170
11 11
11 21
11 26
11 60
11 147
12 33
12 45
12 64
12 137
12 159
12 172
13 13
13 14
13 16
13 17
13 20
13 54
13 71
13 76
13 85
13 100
13 103
13 107
13 111
13 119
13 157
13 169
13 185
13 197
14 14
14 33
14 61
14 117
14 135
14 179
14 198
15 15
15 45
15 50
15 53
15 149
15 166
15 171
16 16
16 21
16 84
16 89
16 98
16 102
16 105
16 144
16 150
16 156
16 174
16 182
16 183
16 190
17 22
17 69
17 160
17 170
17 196
18 38
18 99
18 112
18 116
18 131
18 170
19 49
19 130
19 134
20 40
20 53
20 60
20 149
21 42
21 47
21 53
21 89
21 101
21 121
21 131
21 135
21 137
21 147
21 190
21 194
21 195
22 138
22 143
22 181
22 191
23 27
23 37
23 171
23 188
24 44
24 56
24 175
24 189
25 28
25 50
25 55
25 66
25 77
25 101
25 118
25 125
25 172
25 193
26 59
26 86
26 143
26 148
26 170
27 40
27 79
27 92
27 119
27 127
27 136
27 142
27 156
27 166
28 80
28 88
28 115
28 161
28 194
29 89
29 100
29 118
29 151
29 162
29 188
30 33
30 55
30 59
30 66
30 79
30 91
30 159
30 182
30 189
30 199
31 31
31 73
31 90
31 110
31 175
31 192
32 55
32 101
32 122
32 143
32 158
32 167
32 178
33 75
33 130
34 105
34 117
34 125
34 134
34 140
35 111
35 117
35 122
35 123
35 148
36 68
36 77
36 81
36 88
36 142
36 164
36 167
36 187
36 189
37 151
37 161
37 185
37 195
38 38
38 46
38 56
38 105
38 108
38 120
38 154
38 156
38 189
39 75
39 126
39 134
39 191
40 43
40 47
40 57
40 68
40 71
40 76
40 92
40 94
40 96
40 107
40 125
40 141
40 142
40 149
40 166
40 172
40 194
41 48
41 53
41 61
41 87
41 117
41 129
41 130
41 135
41 171
42 80
42 171
42 173
42 184
43 56
43 121
43 139
43 166
43 172
44 72
44 151
45 56
45 99
45 116
45 137
45 178
45 187
45 190
46 68
46 86
46 118
46 172
46 175
47 58
47 62
47 78
47 94
47 127
47 147
47 172
47 174
47 180
48 63
48 87
48 118
48 119
48 163
49 154
49 159
50 66
50 114
51 96
51 110
51 136
51 141
51 168
51 174
52 106
52 125
52 131
52 162
52 180
52 196
53 54
53 56
53 122
53 132
53 144
53 159
53 183
53 190
53 197
54 111
54 114
54 140
54 153
54 172
54 176
54 181
55 59
55 79
55 80
55 82
55 87
55 90
55 91
55 92
55 109
55 127
55 179
56 60
56 77
56 84
56 104
56 105
56 106
56 130
56 131
56 134
56 135
56 146
56 154
56 170
56 177
57 60
57 75
57 103
57 122
57 164
57 174
57 191
58 123
58 156
58 165
58 197
59 77
59 85
59 122
59 136
60 107
60 146
60 193
61 68
61 143
62 75
62 102
62 140
62 148
62 154
62 156
62 191
62 193
63 63
63 69
63 128
63 159
63 168
63 172
63 198
64 83
64 140
65 78
65 161
65 192
66 108
66 124
66 129
67 67
67 68
67 128
67 175
67 182
67 183
67 199
68 72
68 80
68 83
68 113
68 128
68 130
68 163
68 177
68 182
68 185
68 191
69 72
69 93
69 118
69 131
69 196
69 197
70 133
70 154
70 191
71 80
71 152
72 84
72 111
72 112
72 122
72 134
72 142
72 150
72 151
72 161
72 183
72 192
73 87
73 143
73 172
74 81
74 122
74 135
74 153
74 166
74 184
75 107
75 151
75 189
76 80
76 143
77 104
77 116
77 125
77 198
78 99
78 108
78 130
79 93
79 153
79 172
80 106
80 109
80 139
80 146
80 160
81 88
81 98
81 113
81 143
81 150
81 153
81 189
82 93
82 122
82 159
82 192
82 193
83 108
83 139
83 181
84 130
84 159
84 162
85 85
85 102
85 124
85 126
85 143
85 177
86 104
86 135
86 140
86 177
86 179
86 187
86 189
86 194
87 100
87 132
87 135
87 146
88 182
89 113
89 124
89 140
89 162
89 182
89 189
89 195
90 190
91 142
92 158
92 166
92 179
93 182
94 171
95 143
96 108
96 115
96 166
96 196
97 109
97 140
97 144
97 177
98 106
98 120
98 140
98 162
99 134
99 140
100 187
100 197
101 134
101 163
101 191
102 102
103 165
105 111
105 143
105 159
105 177
105 182
105 183
105 191
105 199
106 117
106 157
106 175
107 147
107 151
107 166
107 192
108 130
108 135
108 154
108 170
109 109
109 162
109 164
109 192
109 198
110 113
110 141
110 175
110 197
111 153
112 117
113 192
114 139
114 140
114 162
114 190
115 139
115 142
115 166
115 191
116 123
116 128
116 150
116 153
116 173
117 122
117 133
117 158
117 165
117 171
118 132
118 148
118 167
118 176
118 186
119 188
120 146
120 159
120 172
121 135
121 140
122 145
122 148
122 152
122 155
122 165
122 173
122 186
123 136
123 162
124 135
124 147
124 154
124 171
124 196
126 157
126 165
127 168
127 170
128 162
128 190
129 159
129 160
129 165
129 173
129 186
130 130
130 146
130 147
130 191
130 193
131 170
131 181
131 189
132 165
133 145
134 134
134 136
134 139
134 145
134 146
134 152
134 155
134 167
134 186
134 192
134 193
135 171
136 136
136 145
136 155
136 164
136 174
136 175
136 191
137 162
137 173
137 181
137 189
138 143
139 186
140 156
140 162
140 167
140 175
140 179
140 182
140 190
141 142
141 143
141 171
141 176
142 166
142 180
143 145
143 159
143 164
143 172
143 183
144 181
144 187
145 186
146 173
146 179
147 151
147 191
148 173
149 149
149 166
149 168
149 196
150 151
150 158
150 164
151 153
151 159
152 193
152 196
153 188
153 189
153 193
153 197
154 171
154 180
154 184
154 188
154 189
155 174
156 182
156 188
157 160
157 173
159 159
159 172
159 191
160 173
162 195
163 189
163 191
164 173
165 185
165 192
166 166
166 169
168 168
168 171
169 199
170 172
170 178
170 199
171 199
172 195
172 199
173 176
173 191
173 197
175 191
176 176
176 177
179 181
187 189
190 194
191 193