0 25
0 32
0 36
0 55
0 60
0 164
0 174
0 192
1 35
1 41
1 80
1 109
1 122
1 152
1 160
1 178
1 186
2 8
2 12
2 33
2 42
2 46
2 64
2 95
2 143
2 159
2 172
3 20
3 103
3 156
3 165
3 195
3 196
4 9
4 12
4 47
4 85
4 88
4 139
4 143
5 13
5 17
5 34
5 43
5 58
5 75
5 83
5 100
5 165
5 173
5 185
6 10
6 13
6 17
6 41
6 47
6 66
6 100
6 107
6 196
7 7
7 68
7 106
7 166
8 87
8 111
8 117
8 122
8 125
8 157
8 160
9 42
9 80
9 89
9 133
9 135
10 21
10 169
10 171
11 14
11 26
11 51
11 62
11 75
11 130
11 135
11 136
12 33
12 45
12 53
12 95
12 105
12 134
12 143
12 159
12 172
12 183
13 13
13 17
13 20
13 22
13 26
13 58
13 68
13 71
13 76
13 85
13 100
13 103
13 111
13 126
13 160
13 165
13 197
14 40
14 102
14 117
14 134
14 155
14 166
14 174
14 177
15 20
15 47
15 53
15 56
15 142
15 149
15 158
15 166
16 16
16 53
16 72
16 89
16 98
16 118
16 121
16 137
16 144
16 145
16 162
16 174
16 182
16 183
16 189
16 190
16 195
17 65
17 78
17 171
17 194
18 45
18 49
18 86
18 91
18 135
18 170
18 171
19 49
19 130
19 134
20 40
20 53
21 42
21 44
21 53
21 81
21 89
21 101
21 121
21 135
21 137
21 140
21 144
21 158
21 174
21 190
21 194
21 195
22 30
22 49
22 63
22 105
22 172
23 37
23 67
23 134
23 161
23 175
24 46
24 76
24 83
25 31
25 55
25 66
25 77
25 101
25 125
25 141
25 172
25 193
26 143
26 171
26 184
26 189
27 39
27 40
27 43
27 92
27 115
27 136
27 141
27 142
28 29
28 36
28 39
28 44
28 80
28 106
28 116
28 128
28 191
29 37
29 72
29 89
29 151
29 185
30 32
30 55
30 59
30 66
30 79
30 119
30 182
31 31
31 91
31 110
31 139
31 176
31 192
32 55
32 67
32 122
32 136
32 140
32 159
33 62
33 75
33 130
34 109
34 117
34 129
34 143
34 173
35 68
35 87
35 123
35 161
35 189
36 72
36 77
36 109
36 118
36 136
36 137
36 143
37 111
37 118
37 119
37 150
38 38
38 56
38 63
38 107
38 135
38 150
38 163
38 170
38 187
38 189
38 199
39 134
39 136
40 40
40 43
40 66
40 92
40 94
40 104
40 142
40 147
40 156
40 168
40 173
40 180
40 194
40 196
41 117
41 125
41 130
41 132
41 134
41 148
41 171
41 186
42 132
42 144
43 47
43 56
43 166
44 68
44 80
45 85
45 92
45 104
45 108
45 117
45 124
45 135
45 154
45 163
45 189
46 46
46 48
46 73
46 168
47 51
47 68
47 96
47 149
47 184
47 185
47 194
48 54
48 117
48 120
48 122
48 154
48 176
49 57
49 159
49 172
50 96
50 110
50 116
50 142
50 168
50 173
51 62
51 68
51 142
51 166
51 171
51 183
52 68
52 69
52 85
52 162
52 196
53 54
53 56
53 122
53 143
53 159
53 172
53 190
54 111
54 114
54 140
54 153
54 181
55 59
55 66
55 79
55 82
55 90
55 92
55 108
55 109
55 123
55 127
55 150
55 164
56 70
56 77
56 84
56 102
56 104
56 105
56 106
56 108
56 123
56 131
56 135
56 154
56 170
56 187
56 189
57 60
57 129
57 136
57 145
57 147
57 166
57 191
58 80
58 85
58 161
58 197
59 77
59 163
59 179
60 107
60 127
60 146
60 155
60 174
60 193
61 68
61 80
61 117
61 128
61 139
62 140
62 163
62 191
62 193
63 111
63 143
63 145
63 159
63 177
63 183
63 199
64 106
64 138
64 140
65 117
65 172
65 192
66 107
66 108
66 122
67 123
67 128
67 139
67 150
67 182
68 86
68 115
68 116
68 128
68 144
68 175
68 184
68 188
69 105
69 131
69 140
69 185
69 188
69 196
69 197
70 154
70 191
71 118
71 152
71 175
72 74
72 81
72 84
72 99
72 112
72 113
72 150
72 151
72 159
72 161
72 172
72 189
73 87
73 105
73 143
73 159
74 122
74 135
74 153
74 186
76 143
76 175
77 86
77 91
77 109
77 125
77 198
78 78
78 176
79 159
79 164
80 83
80 116
80 128
80 175
80 184
80 185
80 190
81 82
81 112
81 143
81 150
81 153
81 193
82 88
82 131
82 151
82 192
82 193
83 108
83 116
83 119
83 177
84 130
84 151
84 153
84 162
85 85
85 102
85 124
85 126
85 170
85 172
86 86
86 102
86 135
86 170
86 195
87 99
87 117
87 118
87 135
87 152
88 105
88 188
89 97
89 113
89 140
89 162
89 182
89 195
90 116
90 190
92 149
92 170
92 179
93 101
93 104
93 182
93 197
94 96
94 139
95 140
95 143
95 172
96 158
96 196
97 140
97 162
98 120
98 140
98 159
98 177
98 181
99 118
99 134
99 173
100 153
100 197
101 191
102 136
102 172
103 116
103 165
104 118
105 143
105 151
105 159
105 194
105 198
105 199
106 160
106 175
106 189
106 194
107 122
107 136
107 147
107 151
108 130
108 154
108 171
108 187
109 109
109 163
109 192
110 197
111 153
112 117
113 145
113 150
114 140
114 162
114 172
114 190
115 142
115 145
115 149
115 166
116 154
117 122
117 129
117 149
118 118
118 122
118 176
120 146
120 159
120 186
121 140
121 149
121 179
122 129
122 148
122 157
122 165
122 173
122 176
123 156
123 195
124 131
124 135
124 154
124 170
124 196
125 168
126 134
126 157
126 165
127 149
127 159
127 166
127 171
128 139
128 148
128 162
128 190
129 173
130 130
130 146
130 147
130 156
130 191
130 193
131 155
131 170
131 171
131 189
132 165
133 140
133 189
134 134
134 145
134 146
134 147
134 152
134 155
134 177
134 186
134 193
136 149
136 155
136 174
136 191
137 140
137 144
137 162
137 176
137 181
138 143
138 145
138 169
138 181
138 195
139 175
140 156
140 162
140 179
140 182
140 187
140 189
140 190
141 166
141 180
142 149
142 171
143 143
143 152
143 172
143 183
144 181
145 146
146 168
146 175
147 151
147 191
148 154
148 173
148 176
149 166
149 168
149 194
150 188
150 191
151 153
151 188
152 193
152 196
153 166
153 188
153 199
154 156
154 179
154 180
154 187
154 189
156 179
156 182
156 190
156 195
157 160
157 173
157 176
157 184
158 164
159 159
159 172
160 173
160 181
161 169
162 162
162 167
163 170
163 191
164 167
164 173
164 178
165 192
165 197
166 166
166 168
166 171
166 178
166 180
166 181
167 167
168 185
170 178
170 192
171 199
172 172
173 176
173 191
175 184
177 189
177 198
179 181
180 198
181 182
181 199
183 198
187 189
190 194
191 191
191 193
192 192