0 32
0 36
0 55
0 93
0 101
0 164
0 167
0 194
1 8
1 41
1 48
1 86
1 117
1 118
1 122
1 129
1 157
1 173
1 176
2 2
2 4
2 12
2 21
2 22
2 64
2 105
2 143
2 172
2 183
3 5
3 6
3 13
3 17
3 20
3 76
3 100
3 122
3 126
3 185
4 64
4 95
4 172
4 198
5 6
5 13
5 58
5 69
5 71
5 78
5 85
5 118
5 165
5 185
6 85
6 100
6 103
6 108
6 126
6 192
7 9
7 23
7 67
7 68
7 106
7 116
7 128
7 175
8 117
8 122
8 148
8 186
9 44
9 61
9 68
9 83
9 139
9 175
10 16
10 29
10 82
10 88
10 111
10 150
11 11
11 14
11 33
11 60
11 62
11 130
11 136
12 46
12 49
12 69
12 105
12 120
12 143
12 159
12 172
12 198
12 199
13 13
13 17
13 20
13 26
13 52
13 58
13 65
13 69
13 71
13 85
13 100
13 103
13 126
13 165
13 185
13 196
13 197
14 57
14 60
14 80
14 87
14 130
14 134
15 92
15 96
15 115
15 123
15 127
15 142
15 149
15 166
15 168
15 194
16 21
16 45
16 53
16 89
16 98
16 121
16 137
16 140
16 144
16 156
16 162
16 179
16 182
16 190
16 195
17 17
17 52
17 85
17 165
18 45
18 56
18 109
18 154
18 170
18 171
18 178
18 187
19 130
19 134
19 136
19 146
20 52
20 69
20 85
20 185
21 54
21 92
21 97
21 98
21 114
21 121
21 123
21 137
21 140
21 162
21 179
21 182
21 190
21 195
22 63
22 138
22 143
22 156
22 159
22 191
23 56
23 61
23 68
24 28
24 68
24 106
24 116
25 31
25 55
25 59
25 66
25 79
25 101
25 109
25 115
25 125
25 192
25 198
26 45
26 56
26 131
26 135
26 136
26 154
26 170
26 171
26 189
27 43
27 47
27 57
27 127
27 141
27 149
27 166
27 180
28 44
28 61
28 67
28 68
28 80
28 106
28 110
28 184
29 29
29 37
29 42
29 169
29 188
29 190
30 31
30 32
30 55
30 66
30 77
30 79
30 90
30 140
30 192
31 55
31 77
31 79
31 84
31 109
31 167
32 36
32 55
32 93
32 101
32 109
32 125
33 39
33 62
33 75
33 130
33 191
34 34
34 118
34 122
34 148
34 173
34 176
35 89
35 122
35 148
36 40
36 55
36 59
36 66
36 79
36 192
37 42
37 47
37 72
37 74
37 151
37 153
37 196
38 38
38 45
38 56
38 70
38 86
38 135
38 154
38 173
38 181
38 187
38 189
39 57
39 134
39 136
40 40
40 43
40 47
40 50
40 51
40 71
40 96
40 115
40 127
40 141
40 142
40 149
40 158
40 166
40 168
40 180
41 41
41 48
41 87
41 122
41 132
41 160
41 173
42 72
42 153
43 149
43 166
44 67
44 68
44 128
45 124
45 131
45 135
45 154
45 163
45 189
46 63
46 64
46 120
46 138
46 143
46 172
46 177
46 181
47 47
47 94
47 158
47 166
48 118
48 122
48 173
48 176
49 105
49 143
49 159
50 94
50 115
50 142
51 51
51 92
51 158
51 194
52 69
52 165
53 54
53 67
53 140
53 162
53 176
53 182
54 140
54 151
54 156
54 181
55 55
55 66
55 79
55 90
55 91
55 109
55 124
55 192
56 56
56 102
56 104
56 108
56 130
56 131
56 135
56 154
56 163
56 170
56 171
56 178
56 189
57 60
57 134
57 146
57 191
58 71
58 107
58 196
58 197
59 125
59 192
60 107
60 146
60 155
60 193
61 68
61 76
61 80
61 106
61 175
62 75
62 191
62 193
63 73
63 120
63 143
63 159
63 172
63 177
63 182
64 73
64 105
64 172
65 103
65 196
66 109
67 80
67 83
67 175
68 76
68 80
68 83
68 106
68 110
68 116
68 128
68 133
68 149
68 175
68 184
69 112
69 185
70 154
70 170
71 196
72 74
72 82
72 84
72 88
72 111
72 113
72 119
72 148
72 150
72 153
72 161
72 169
72 188
73 120
73 143
73 199
74 84
74 153
75 136
75 146
75 152
75 155
76 80
76 184
77 79
77 82
77 90
77 93
77 101
77 167
78 118
78 122
78 166
78 173
79 109
79 197
80 106
80 116
80 128
80 133
80 175
80 184
81 84
81 112
81 113
81 150
81 151
81 153
81 161
81 188
81 193
82 188
83 139
83 175
83 184
84 119
84 153
84 188
85 107
85 157
85 196
85 197
86 102
86 135
86 151
86 154
86 171
86 178
87 117
87 122
87 132
87 157
87 173
87 186
87 192
88 161
89 89
89 97
89 105
89 140
89 144
89 156
89 162
89 195
91 109
91 192
92 149
92 166
94 166
95 159
95 172
96 115
96 149
96 158
96 189
97 140
97 190
98 137
98 140
98 156
98 182
99 122
99 129
99 173
99 176
100 140
100 165
100 197
101 164
102 108
102 131
102 135
102 163
102 170
103 196
104 135
104 171
104 189
105 105
105 138
105 143
105 172
105 177
105 198
106 183
106 184
107 154
107 197
108 124
108 154
108 163
108 171
108 178
108 189
109 167
110 143
111 113
111 119
111 153
112 151
113 171
114 140
114 162
114 182
115 166
116 116
116 133
116 175
117 117
117 118
117 122
117 129
117 132
117 148
118 122
118 132
118 157
118 173
118 176
120 183
121 140
121 144
122 157
122 160
122 173
122 186
123 140
123 162
124 170
124 189
126 197
127 166
129 132
129 148
129 186
130 130
130 136
130 145
130 146
130 160
130 191
130 193
131 154
131 170
132 134
132 173
133 133
134 134
134 136
134 145
134 146
134 147
134 152
134 155
134 174
134 191
134 193
135 135
135 170
135 187
135 189
136 147
136 174
136 191
136 193
137 139
137 140
137 181
138 143
138 159
138 170
138 177
139 139
139 175
139 196
140 144
140 156
140 162
140 179
140 181
140 190
141 149
141 158
141 166
142 142
142 149
142 166
142 168
143 143
143 154
143 159
143 172
143 177
143 183
143 199
144 149
144 181
144 190
145 188
145 193
147 174
147 191
147 193
149 158
149 168
150 161
150 169
151 153
151 161
151 188
152 174
153 153
153 188
154 170
154 171
154 178
154 189
155 174
156 179
156 182
157 160
158 166
159 159
159 172
159 177
159 197
159 198
159 199
160 173
160 176
162 162
162 181
162 190
163 170
163 171
163 175
163 187
164 164
164 167
165 165
165 196
165 199
166 168
166 180
166 194
168 194
169 188
170 189
171 171
171 187
172 172
172 177
172 183
172 197
172 198
173 186
174 191
176 186
178 187
178 189
181 195
182 190
182 194
185 197
190 195
191 191
191 193
192 198
199 199