0 10
0 32
0 52
0 55
0 79
0 91
0 109
0 164
0 192
1 34
1 53
1 87
1 118
1 129
1 135
1 148
1 186
2 12
2 49
2 63
2 67
2 105
2 120
2 129
2 143
2 159
2 191
3 17
3 51
3 58
3 126
3 130
3 171
3 185
3 196
4 22
4 42
4 47
4 105
4 139
4 151
4 159
5 8
5 9
5 10
5 13
5 17
5 20
5 65
5 66
5 100
5 136
5 151
5 196
6 13
6 20
6 25
6 34
6 71
6 85
6 103
6 197
7 44
7 68
7 75
7 80
7 175
7 186
8 35
8 78
8 109
8 129
8 160
8 173
9 68
9 76
9 89
9 106
9 116
9 128
10 21
10 72
10 150
10 154
11 14
11 21
11 33
11 60
11 61
11 130
11 136
11 158
12 33
12 38
12 46
12 53
12 98
12 120
12 143
12 172
12 199
13 13
13 20
13 35
13 58
13 69
13 71
13 85
13 100
13 103
13 106
13 123
13 126
13 161
13 165
13 172
13 182
13 185
14 15
14 57
14 134
14 136
14 138
14 173
15 20
15 47
15 53
15 149
15 166
15 168
15 196
16 16
16 53
16 89
16 98
16 119
16 121
16 137
16 144
16 145
16 162
16 182
16 183
16 189
16 190
16 195
17 52
17 96
17 126
17 154
18 38
18 46
18 56
18 90
18 124
18 141
18 154
19 60
19 130
19 134
19 136
19 146
20 40
20 60
20 85
20 144
21 53
21 62
21 79
21 89
21 98
21 105
21 121
21 137
21 140
21 144
21 153
21 156
21 190
21 195
22 31
22 105
22 143
22 172
22 191
23 74
23 80
23 108
23 133
23 151
24 44
24 93
24 171
25 28
25 32
25 55
25 77
25 88
25 101
25 125
25 164
25 167
26 45
26 80
26 81
26 108
26 113
26 124
26 154
26 175
27 40
27 72
27 77
27 92
27 115
27 123
27 141
27 166
27 194
28 39
28 67
28 68
28 80
28 106
28 170
28 180
28 188
29 36
29 72
29 81
29 84
29 89
29 151
29 153
30 32
30 55
30 59
30 66
30 79
30 119
30 182
31 31
31 63
31 79
31 138
31 140
31 192
32 55
32 58
32 109
33 56
33 75
33 130
33 191
34 117
34 137
34 173
34 188
35 45
35 94
35 173
36 66
36 77
36 101
36 109
36 162
36 167
36 176
36 191
37 74
37 81
37 82
37 119
37 137
37 150
37 192
38 56
38 70
38 99
38 100
38 108
38 131
38 135
38 170
38 171
38 178
39 134
39 136
40 40
40 43
40 66
40 92
40 94
40 104
40 132
40 142
40 149
40 156
40 158
40 168
40 180
40 194
40 196
41 41
41 115
41 117
41 119
41 120
41 130
41 134
41 160
41 173
42 72
42 82
42 153
42 183
43 47
43 147
43 166
44 68
44 106
44 139
44 175
45 45
45 56
45 72
45 133
45 154
45 177
45 189
45 190
46 95
46 140
46 172
46 191
47 51
47 62
47 96
47 149
47 175
47 184
47 194
48 48
48 88
48 106
48 122
48 143
48 172
49 105
49 138
49 143
49 146
49 147
50 68
50 96
50 110
50 127
50 141
50 168
51 96
51 116
51 139
51 142
51 166
51 184
51 191
52 93
52 162
52 197
53 76
53 85
53 135
53 168
53 181
53 182
53 190
54 54
54 140
54 179
54 181
55 59
55 66
55 79
55 80
55 87
55 90
55 91
55 109
55 179
55 184
55 192
56 60
56 81
56 86
56 102
56 104
56 107
56 119
56 135
56 154
56 169
56 170
56 171
56 178
56 187
57 60
57 122
57 136
57 146
57 166
57 191
58 72
58 85
58 165
59 77
59 131
59 195
59 196
60 146
60 193
61 67
61 81
61 106
61 166
62 75
62 140
62 191
62 193
63 63
63 97
63 134
63 143
63 177
63 183
64 73
64 105
64 140
64 159
64 163
65 126
65 173
65 191
65 197
66 87
66 124
67 79
67 175
67 184
67 191
68 68
68 80
68 81
68 83
68 94
68 103
68 116
68 128
68 175
68 185
69 73
69 140
69 143
69 165
69 178
69 185
70 102
70 170
70 174
71 152
72 82
72 95
72 112
72 113
72 134
72 151
72 161
72 169
72 188
73 138
73 172
73 189
74 118
74 159
75 134
75 135
76 80
76 84
77 109
77 116
77 125
77 167
78 86
78 122
78 157
78 173
79 86
79 93
79 164
80 119
80 139
80 141
80 175
80 197
81 111
81 112
82 117
82 188
82 193
83 107
83 143
83 149
84 112
84 130
84 145
84 151
85 127
85 165
85 179
85 196
86 101
86 135
86 139
86 154
86 187
86 193
87 107
87 117
87 118
87 148
87 173
88 153
88 172
89 97
89 113
89 140
89 162
89 182
89 195
90 159
90 195
91 142
92 149
92 158
92 172
93 144
93 153
93 189
93 192
94 142
95 140
95 143
96 166
96 168
97 140
97 162
98 137
98 140
98 171
98 181
99 134
99 173
99 176
100 102
100 165
100 185
101 109
102 118
102 136
103 111
104 156
104 163
104 170
105 114
105 136
105 143
105 159
105 168
105 172
106 159
106 194
107 192
107 196
108 130
108 135
108 154
108 171
108 193
108 199
109 120
109 163
109 168
110 125
110 139
110 165
110 197
111 151
111 182
112 153
112 173
113 188
114 137
114 140
114 162
114 190
115 115
115 136
115 166
116 138
116 139
116 157
116 175
117 122
117 148
117 155
117 160
117 161
117 173
118 121
118 122
118 132
118 151
118 160
118 173
118 185
119 151
120 135
121 140
121 149
122 122
122 129
122 146
122 160
122 171
122 173
122 176
122 179
122 186
122 192
123 144
123 162
123 171
123 177
124 131
126 129
126 134
127 149
127 166
127 195
128 143
128 162
128 190
129 160
130 130
130 146
130 156
130 191
130 193
131 154
131 170
131 189
132 157
132 176
133 146
134 134
134 145
134 146
134 147
134 152
134 155
134 170
134 177
134 186
134 193
135 163
135 170
135 176
135 187
135 189
136 149
136 155
136 174
136 191
137 140
137 162
137 176
138 150
138 183
139 175
140 156
140 162
140 179
140 182
140 187
140 190
141 149
141 166
141 168
142 149
142 158
142 171
143 159
143 168
143 170
143 172
143 177
143 196
143 198
144 156
144 175
144 181
144 190
145 145
146 148
146 179
147 174
147 189
147 191
147 193
148 157
148 172
149 166
149 194
150 151
150 161
150 169
150 188
151 172
152 164
152 174
153 161
153 166
153 182
153 192
154 178
154 199
155 174
156 179
158 164
159 159
159 177
159 180
159 183
159 199
160 181
162 162
163 163
163 171
164 167
164 189
165 165
165 173
165 197
166 166
166 171
166 174
166 180
166 181
167 187
169 193
170 170
170 188
171 178
171 189
172 172
172 194
172 198
172 199
174 191
175 184
176 186
176 190
179 181
181 182
181 199
186 197
189 189
189 191
190 194
191 193
192 192
196 197
198 198