0 25
0 32
0 36
0 55
0 109
0 164
0 167
0 174
0 183
1 5
1 34
1 78
1 99
1 117
1 148
1 157
1 160
1 173
1 176
2 2
2 7
2 22
2 63
2 86
2 95
2 159
2 172
2 175
3 17
3 43
3 58
3 100
3 165
3 185
4 12
4 40
4 49
4 53
4 58
4 172
5 5
5 13
5 17
5 65
5 66
5 100
5 107
5 136
5 196
6 13
6 20
6 25
6 40
6 71
6 85
6 103
6 197
7 61
7 67
7 116
7 139
7 176
8 8
8 117
8 161
8 166
8 173
9 9
9 44
9 68
9 175
9 185
10 37
10 84
10 98
10 113
10 150
10 153
11 14
11 33
11 60
11 61
11 62
11 130
11 136
12 12
12 33
12 39
12 49
12 51
12 143
12 159
13 13
13 17
13 20
13 52
13 58
13 69
13 71
13 85
13 96
13 100
13 103
13 124
13 126
13 152
13 160
13 165
13 185
14 15
14 57
14 60
14 134
14 136
14 162
14 190
15 15
15 27
15 40
15 92
15 141
15 142
15 155
16 16
16 21
16 53
16 89
16 98
16 101
16 121
16 135
16 137
16 144
16 156
16 162
16 173
16 190
16 195
17 58
17 105
18 56
18 124
18 131
18 135
18 154
18 175
18 189
19 130
19 134
19 136
19 146
20 100
20 144
20 173
20 197
21 52
21 97
21 98
21 114
21 123
21 128
21 137
21 140
21 162
21 179
21 182
21 190
21 195
22 46
22 105
22 143
22 151
22 159
22 172
22 183
23 28
23 67
23 80
23 105
23 135
23 189
24 28
24 68
24 127
24 135
25 31
25 55
25 66
25 79
25 101
25 109
25 125
25 161
25 186
25 192
26 56
26 70
26 108
26 135
26 137
26 171
26 189
27 27
27 92
27 96
27 142
27 144
28 39
28 68
28 139
28 154
29 33
29 42
29 72
29 84
29 151
29 153
29 169
30 32
30 55
30 59
30 66
30 72
30 77
30 90
30 162
30 170
30 192
31 31
31 71
31 77
31 79
31 140
31 159
32 55
32 99
32 109
32 158
32 167
32 188
33 62
33 75
33 130
33 131
33 191
34 74
34 117
34 122
34 167
34 173
35 41
35 78
35 87
35 139
35 173
36 59
36 66
36 150
36 164
36 167
36 192
37 58
37 72
37 81
37 82
37 88
37 112
37 140
37 151
38 78
38 85
38 102
38 104
38 135
38 146
38 154
38 166
38 170
38 177
38 189
39 67
39 134
39 136
40 40
40 43
40 51
40 92
40 94
40 96
40 115
40 127
40 149
40 158
40 168
40 180
40 184
40 194
41 41
41 79
41 99
41 118
41 130
41 134
41 152
42 53
42 74
43 116
43 119
43 123
43 168
44 50
44 68
44 80
44 116
45 45
45 55
45 56
45 84
45 135
45 171
45 178
45 182
45 187
46 46
46 64
46 75
46 105
47 47
47 96
47 142
47 166
47 168
47 171
47 180
48 118
48 122
48 173
48 176
48 192
49 105
49 146
49 147
49 163
49 172
50 96
50 115
50 142
50 149
50 172
51 62
51 105
51 115
51 136
51 142
51 158
52 126
52 191
52 196
53 61
53 140
53 181
53 182
53 190
53 194
54 128
54 140
54 156
54 160
54 162
54 182
55 55
55 66
55 79
55 82
55 90
55 91
55 107
55 109
55 190
55 192
56 56
56 70
56 79
56 102
56 108
56 128
56 135
56 142
56 143
56 154
56 171
56 178
56 187
56 189
56 193
56 197
57 60
57 134
57 136
57 146
57 191
58 197
59 77
59 124
60 107
60 146
60 155
60 193
61 68
61 76
62 191
62 193
63 67
63 86
63 105
63 120
63 138
63 159
63 198
63 199
64 69
64 143
64 172
65 69
65 85
65 102
65 106
65 196
66 95
66 196
67 137
67 175
67 179
68 76
68 80
68 102
68 106
68 110
68 118
68 128
68 133
68 139
68 162
68 173
68 175
69 86
69 138
69 140
69 143
69 154
69 165
69 196
70 154
70 189
72 72
72 81
72 83
72 96
72 112
72 113
72 119
72 149
72 151
72 153
72 188
73 76
73 120
73 138
73 143
73 172
73 178
74 87
74 117
74 158
75 116
75 134
75 135
75 170
76 106
76 168
77 90
77 101
77 104
77 109
77 167
77 171
78 118
78 173
79 88
80 80
80 83
80 111
80 116
80 122
80 128
80 139
80 175
81 111
81 113
81 133
81 151
81 152
81 153
82 151
82 153
82 193
83 105
83 116
83 175
84 88
84 98
84 151
85 85
85 122
85 161
85 165
85 197
86 104
86 122
86 131
86 135
86 163
86 170
86 171
87 117
87 118
87 122
87 129
87 145
87 160
87 186
89 89
89 97
89 106
89 120
89 140
89 144
89 162
89 177
89 182
91 144
91 192
92 122
92 149
92 156
92 166
93 108
93 109
93 162
93 192
94 125
94 163
95 159
96 149
96 166
97 140
97 159
98 106
98 140
98 162
99 154
100 154
101 164
101 191
102 117
102 136
102 171
102 189
103 196
104 108
104 118
104 154
104 171
105 105
105 138
105 143
105 159
106 110
106 128
106 139
108 130
108 135
108 163
108 171
108 192
109 110
109 164
109 168
111 126
111 181
111 188
111 197
112 118
112 188
113 153
114 140
114 172
114 181
114 182
115 149
115 166
115 195
116 132
116 133
117 122
117 132
117 160
117 173
118 122
118 132
118 160
118 165
118 173
118 189
119 151
120 166
120 183
120 184
121 140
121 156
122 122
122 132
122 148
122 157
122 160
122 173
122 186
122 192
123 149
123 181
124 189
125 192
126 197
127 149
127 156
127 166
128 139
129 129
129 171
130 130
130 145
130 146
130 191
130 193
131 131
131 163
131 165
131 170
132 157
133 173
133 175
134 134
134 145
134 146
134 147
134 152
134 155
134 159
134 169
134 177
134 190
134 191
134 193
135 135
135 154
135 199
136 155
136 172
136 174
136 191
137 140
137 144
137 150
137 181
138 143
138 159
138 172
138 177
138 198
139 153
139 160
139 175
140 156
140 162
140 179
140 181
140 182
140 187
140 190
141 157
141 158
141 166
141 171
142 149
142 166
143 143
143 159
143 164
143 172
143 177
143 183
143 194
143 198
143 199
144 156
144 162
144 182
147 174
147 191
147 193
148 176
148 177
149 166
149 194
150 151
150 153
150 188
151 192
152 164
152 174
153 153
153 170
153 188
154 163
154 170
154 178
154 189
155 174
157 186
158 166
159 159
159 177
161 169
162 179
162 181
162 190
163 170
165 165
165 196
165 197
166 166
166 168
166 174
166 180
166 185
168 172
168 194
169 188
170 171
170 178
170 187
170 189
171 187
171 195
172 172
172 185
172 198
173 186
173 191
175 185
176 176
176 186
183 199
184 184
186 196
187 189
188 199
190 195
191 191
191 193